"fname","cop_name","plate","frame","sec","drop","blobs","blob_size","x","y","distance","dot_product"
"22_3A_09","22_3A","22",0,-3.5,0,0,NA,342.81,70,NA,NA
"22_3A_09","22_3A","22",1,-3.375,0,0,NA,342.81,70,0,0
"22_3A_09","22_3A","22",2,-3.25,0,0,NA,342.81,70,0,0
"22_3A_09","22_3A","22",3,-3.125,0,0,NA,342.81,70,0,0
"22_3A_09","22_3A","22",4,-3,0,0,NA,342.81,70,0,0
"22_3A_09","22_3A","22",5,-2.875,0,0,NA,342.81,70,0,0
"22_3A_09","22_3A","22",6,-2.75,0,0,NA,342.81,70,0,0
"22_3A_09","22_3A","22",7,-2.625,0,0,NA,342.81,70,0,0
"22_3A_09","22_3A","22",8,-2.5,0,0,NA,342.81,70,0,0
"22_3A_09","22_3A","22",9,-2.375,0,0,NA,342.81,70,0,0
"22_3A_09","22_3A","22",10,-2.25,0,0,NA,342.81,70,0,0
"22_3A_09","22_3A","22",11,-2.125,0,0,NA,342.81,70,0,0
"22_3A_09","22_3A","22",12,-2,0,0,NA,342.81,70,0,0
"22_3A_09","22_3A","22",13,-1.875,0,0,NA,342.81,70,0,0
"22_3A_09","22_3A","22",14,-1.75,0,0,NA,342.81,70,0,0
"22_3A_09","22_3A","22",15,-1.625,0,0,NA,342.81,70,0,0
"22_3A_09","22_3A","22",16,-1.5,0,0,NA,342.81,70,0,0
"22_3A_09","22_3A","22",17,-1.375,0,0,NA,342.81,70,0,0
"22_3A_09","22_3A","22",18,-1.25,0,0,NA,342.81,70,0,0
"22_3A_09","22_3A","22",19,-1.125,0,0,NA,342.81,70,0,0
"22_3A_09","22_3A","22",20,-1,0,0,NA,342.81,70,0,0
"22_3A_09","22_3A","22",21,-0.875,0,0,NA,342.81,70,0,0
"22_3A_09","22_3A","22",22,-0.75,0,0,NA,342.81,70,0,0
"22_3A_09","22_3A","22",23,-0.625,0,0,NA,342.81,70,0,0
"22_3A_09","22_3A","22",24,-0.5,0,0,NA,342.81,70,0,0
"22_3A_09","22_3A","22",25,-0.375,0,0,NA,342.81,70,0,0
"22_3A_09","22_3A","22",26,-0.25,0,0,NA,342.81,70,0,0
"22_3A_09","22_3A","22",27,-0.125,0,0,NA,342.81,70,0,0
"22_3A_09","22_3A","22",28,0,0,0,NA,342.81,70,0,0
"22_3A_09","22_3A","22",29,0.125,0,0,NA,342.81,70,0,0
"22_3A_09","22_3A","22",30,0.25,0,0,NA,342.81,70,0,0
"22_3A_09","22_3A","22",31,0.375,0,0,NA,342.81,70,0,0
"22_3A_09","22_3A","22",32,0.5,0,0,NA,342.81,70,0,0
"22_3A_09","22_3A","22",33,0.625,0,0,NA,342.81,70,0,0
"22_3A_09","22_3A","22",34,0.75,0,0,NA,342.81,70,0,0
"22_3A_09","22_3A","22",35,0.875,0,0,NA,342.81,70,0,0
"22_3A_09","22_3A","22",36,1,0,0,NA,342.81,70,0,0
"22_3A_09","22_3A","22",37,1.125,0,0,NA,342.81,70,0,0
"22_3A_09","22_3A","22",38,1.25,0,0,NA,342.81,70,0,0
"22_3A_09","22_3A","22",39,1.375,0,0,NA,342.81,70,0,0
"22_3A_09","22_3A","22",40,1.5,0,0,NA,342.81,70,0,0
"22_3A_09","22_3A","22",41,1.625,0,0,NA,342.81,70,0,0
"22_3A_09","22_3A","22",42,1.75,0,0,NA,342.81,70,0,0
"22_3A_09","22_3A","22",43,1.875,0,0,NA,342.81,70,0,0
"22_3A_09","22_3A","22",44,2,0,0,NA,342.81,70,0,0
"22_3A_09","22_3A","22",45,2.125,0,0,NA,342.81,70,0,0
"22_3A_09","22_3A","22",46,2.25,0,0,NA,342.81,70,0,0
"22_3A_09","22_3A","22",47,2.375,0,0,NA,342.81,70,0,0
"22_3A_09","22_3A","22",48,2.5,0,0,NA,342.81,70,0,0
"22_3A_09","22_3A","22",49,2.625,0,0,NA,342.81,70,0,0
"22_3A_09","22_3A","22",50,2.75,0,0,NA,342.81,70,0,0
"22_3A_09","22_3A","22",51,2.875,0,0,NA,342.81,70,0,0
"22_3A_09","22_3A","22",52,3,0,0,NA,342.81,70,0,0
"22_3A_09","22_3A","22",53,3.125,0,0,NA,342.81,70,0,0
"22_3A_09","22_3A","22",54,3.25,0,0,NA,342.81,70,0,0
"22_3A_09","22_3A","22",55,3.375,0,0,NA,342.81,70,0,0
"22_3A_09","22_3A","22",56,3.5,0,0,NA,342.81,70,0,0
"22_3A_09","22_3A","22",57,3.625,0,0,NA,342.81,70,0,0
"22_3A_09","22_3A","22",58,3.75,0,0,NA,342.81,70,0,0
"22_3A_09","22_3A","22",59,3.875,0,0,NA,342.81,70,0,0
"22_3A_09","22_3A","22",60,4,0,0,NA,342.81,70,0,0
"22_3A_09","22_3A","22",61,4.125,0,0,NA,342.81,70,0,0
"22_3A_09","22_3A","22",62,4.25,0,0,NA,342.81,70,0,0
"22_3A_09","22_3A","22",63,4.375,0,0,NA,342.81,70,0,0
"22_3A_09","22_3A","22",64,4.5,0,0,NA,342.81,70,0,0
"22_3A_09","22_3A","22",65,4.625,0,0,NA,342.81,70,0,0
"22_3A_09","22_3A","22",66,4.75,0,0,NA,342.81,70,0,0
"22_3A_09","22_3A","22",67,4.875,0,0,NA,342.81,70,0,0
"22_3A_09","22_3A","22",68,5,0,0,NA,342.81,70,0,0
"22_3A_09","22_3A","22",69,5.125,0,0,NA,342.81,70,0,0
"22_3A_09","22_3A","22",70,5.25,0,0,NA,342.81,70,0,0
"22_3A_09","22_3A","22",71,5.375,0,0,NA,342.81,70,0,0
"22_3A_09","22_3A","22",72,5.5,0,0,NA,342.81,70,0,0
"22_3A_09","22_3A","22",73,5.625,0,0,NA,342.81,70,0,0
"22_3A_09","22_3A","22",74,5.75,0,0,NA,342.81,70,0,0
"22_3A_09","22_3A","22",75,5.875,0,0,NA,342.81,70,0,0
"22_3A_09","22_3A","22",76,6,0,0,NA,342.81,70,0,0
"22_3A_09","22_3A","22",77,6.125,0,0,NA,342.81,70,0,0
"22_3A_09","22_3A","22",78,6.25,0,0,NA,342.81,70,0,0
"22_3A_09","22_3A","22",79,6.375,0,0,NA,342.81,70,0,0
"22_3A_09","22_3A","22",80,6.5,0,0,NA,342.81,70,0,0
"22_3A_09","22_3A","22",81,6.625,0,0,NA,342.81,70,0,0
"22_3A_09","22_3A","22",82,6.75,0,0,NA,342.81,70,0,0
"22_3A_09","22_3A","22",83,6.875,0,0,NA,342.81,70,0,0
"22_3A_09","22_3A","22",84,7,0,0,NA,342.81,70,0,0
"22_3A_09","22_3A","22",85,7.125,0,0,NA,342.81,70,0,0
"22_3A_09","22_3A","22",86,7.25,0,0,NA,342.81,70,0,0
"22_3A_09","22_3A","22",87,7.375,0,0,NA,342.81,70,0,0
"22_3A_09","22_3A","22",88,7.5,0,0,NA,342.81,70,0,0
"22_3A_09","22_3A","22",89,7.625,0,0,NA,342.81,70,0,0
"22_3A_09","22_3A","22",90,7.75,0,0,NA,342.81,70,0,0
"22_3A_09","22_3A","22",91,7.875,0,0,NA,342.81,70,0,0
"22_3A_09","22_3A","22",92,8,0,0,NA,342.81,70,0,0
"22_3A_09","22_3A","22",93,8.125,0,0,NA,342.81,70,0,0
"22_3A_09","22_3A","22",94,8.25,0,0,NA,342.81,70,0,0
"22_3A_09","22_3A","22",95,8.375,0,0,NA,342.81,70,0,0
"22_3A_09","22_3A","22",96,8.5,0,0,NA,342.81,70,0,0
"22_3A_09","22_3A","22",97,8.625,0,0,NA,342.81,70,0,0
"22_3A_09","22_3A","22",98,8.75,0,0,NA,342.81,70,0,0
"22_3A_09","22_3A","22",99,8.875,0,0,NA,342.81,70,0,0
"22_3A_09","22_3A","22",100,9,0,0,NA,342.81,70,0,0
"22_3A_09","22_3A","22",101,9.125,0,0,NA,342.81,70,0,0
"22_3A_09","22_3A","22",102,9.25,0,0,NA,342.81,70,0,0
"22_3A_09","22_3A","22",103,9.375,0,0,NA,342.81,70,0,0
"22_3A_09","22_3A","22",104,9.5,0,0,NA,342.81,70,0,0
"22_3A_09","22_3A","22",105,9.625,0,0,NA,342.81,70,0,0
"22_3A_09","22_3A","22",106,9.75,0,0,NA,342.81,70,0,0
"22_3A_09","22_3A","22",107,9.875,0,0,NA,342.81,70,0,0
"22_3A_09","22_3A","22",108,10,0,0,NA,342.81,70,0,0
"22_3A_09","22_3A","22",109,10.125,0,0,NA,342.81,70,0,0
"22_3A_09","22_3A","22",110,10.25,0,0,NA,342.81,70,0,0
"22_3A_09","22_3A","22",111,10.375,0,0,NA,342.81,70,0,0
"22_3A_09","22_3A","22",112,10.5,0,0,NA,342.81,70,0,0
"22_3A_09","22_3A","22",113,10.625,0,0,NA,342.81,70,0,0
"22_3A_09","22_3A","22",114,10.75,0,0,NA,342.81,70,0,0
"22_3A_09","22_3A","22",115,10.875,0,0,NA,342.81,70,0,0
"22_3A_09","22_3A","22",116,11,0,0,NA,342.81,70,0,0
"22_3A_09","22_3A","22",117,11.125,0,0,NA,342.81,70,0,0
"22_3A_09","22_3A","22",118,11.25,0,0,NA,342.81,70,0,0
"22_3A_09","22_3A","22",119,11.375,0,0,NA,342.81,70,0,0
"22_3A_09","22_3A","22",120,11.5,0,0,NA,342.81,70,0,0
"22_3A_09","22_3A","22",121,11.625,0,0,NA,342.81,70,0,0
"22_3A_09","22_3A","22",122,11.75,0,0,NA,342.81,70,0,0
"22_3A_09","22_3A","22",123,11.875,0,0,NA,342.81,70,0,0
"22_3A_09","22_3A","22",124,12,0,0,NA,342.81,70,0,0
"22_3A_09","22_3A","22",125,12.125,0,0,NA,342.81,70,0,0
"22_3A_09","22_3A","22",126,12.25,0,0,NA,342.81,70,0,0
"22_3A_09","22_3A","22",127,12.375,0,0,NA,342.81,70,0,0
"22_3A_09","22_3A","22",128,12.5,0,0,NA,342.81,70,0,0
"22_3A_09","22_3A","22",129,12.625,0,0,NA,342.81,70,0,0
"22_3A_09","22_3A","22",130,12.75,0,1,3.10949110984802,342.81,70,0,0
"22_3A_09","22_3A","22",131,12.875,0,0,NA,342.81,70,0,0
"22_3A_09","22_3A","22",132,13,0,0,NA,342.81,70,0,0
"22_3A_09","22_3A","22",133,13.125,0,0,NA,342.81,70,0,0
"22_3A_09","22_3A","22",134,13.25,0,0,NA,342.81,70,0,0
"22_3A_09","22_3A","22",135,13.375,0,0,NA,342.81,70,0,0
"22_3A_09","22_3A","22",136,13.5,0,0,NA,342.81,70,0,0
"22_3A_09","22_3A","22",137,13.625,0,0,NA,342.81,70,0,0
"22_3A_09","22_3A","22",138,13.75,0,0,NA,342.81,70,0,0
"22_3A_09","22_3A","22",139,13.875,0,0,NA,342.81,70,0,0
"22_3A_09","22_3A","22",140,14,0,0,NA,342.81,70,0,0
"22_3A_09","22_3A","22",141,14.125,0,0,NA,342.81,70,0,0
"22_3A_09","22_3A","22",142,14.25,0,0,NA,342.81,70,0,0
"22_3A_09","22_3A","22",143,14.375,0,0,NA,342.81,70,0,0
"22_3A_09","22_3A","22",144,14.5,0,0,NA,342.81,70,0,0
"22_3A_09","22_3A","22",145,14.625,0,0,NA,342.81,70,0,0
"22_3A_09","22_3A","22",146,14.75,0,0,NA,342.81,70,0,0
"22_3A_09","22_3A","22",147,14.875,0,0,NA,342.81,70,0,0
"22_3A_09","22_3A","22",148,15,0,0,NA,342.81,70,0,0
"22_3A_09","22_3A","22",149,15.125,0,0,NA,342.81,70,0,0
"22_3A_09","22_3A","22",150,15.25,0,0,NA,342.81,70,0,0
"22_3A_09","22_3A","22",151,15.375,0,0,NA,342.81,70,0,0
"22_3A_09","22_3A","22",152,15.5,0,0,NA,342.81,70,0,0
"22_3A_09","22_3A","22",153,15.625,0,0,NA,342.81,70,0,0
"22_3A_09","22_3A","22",154,15.75,0,0,NA,342.81,70,0,0
"22_3A_09","22_3A","22",155,15.875,0,0,NA,342.81,70,0,0
"22_3A_09","22_3A","22",156,16,0,0,NA,342.81,70,0,0
"22_3A_09","22_3A","22",157,16.125,0,0,NA,342.81,70,0,0
"22_3A_09","22_3A","22",158,16.25,0,0,NA,342.81,70,0,0
"22_3A_09","22_3A","22",159,16.375,0,0,NA,342.81,70,0,0
"22_3A_09","22_3A","22",160,16.5,0,0,NA,342.81,70,0,0
"22_3A_09","22_3A","22",161,16.625,0,0,NA,342.81,70,0,0
"22_3A_09","22_3A","22",162,16.75,0,0,NA,342.81,70,0,0
"22_3A_09","22_3A","22",163,16.875,0,0,NA,342.81,70,0,0
"22_3A_09","22_3A","22",164,17,0,0,NA,342.81,70,0,0
"22_3A_09","22_3A","22",165,17.125,0,0,NA,342.81,70,0,0
"22_3A_09","22_3A","22",166,17.25,0,0,NA,342.81,70,0,0
"22_3A_09","22_3A","22",167,17.375,0,0,NA,342.81,70,0,0
"22_3A_09","22_3A","22",168,17.5,0,0,NA,342.81,70,0,0
"22_3A_09","22_3A","22",169,17.625,0,0,NA,342.81,70,0,0
"22_3A_09","22_3A","22",170,17.75,0,0,NA,342.81,70,0,0
"22_3A_09","22_3A","22",171,17.875,0,0,NA,342.81,70,0,0
"22_3A_09","22_3A","22",172,18,0,0,NA,342.81,70,0,0
"22_3A_09","22_3A","22",173,18.125,0,0,NA,342.81,70,0,0
"22_3A_09","22_3A","22",174,18.25,0,0,NA,342.81,70,0,0
"22_3A_09","22_3A","22",175,18.375,0,0,NA,342.81,70,0,0
"22_3A_09","22_3A","22",176,18.5,0,0,NA,342.81,70,0,0
"22_3A_09","22_3A","22",177,18.625,0,0,NA,342.81,70,0,0
"22_3A_09","22_3A","22",178,18.75,0,0,NA,342.81,70,0,0
"22_3A_09","22_3A","22",179,18.875,0,0,NA,342.81,70,0,0
"22_3A_09","22_3A","22",180,19,0,0,NA,342.81,70,0,0
"22_3A_09","22_3A","22",181,19.125,0,0,NA,342.81,70,0,0
"22_3A_09","22_3A","22",182,19.25,0,0,NA,342.81,70,0,0
"22_3A_09","22_3A","22",183,19.375,0,0,NA,342.81,70,0,0
"22_3A_09","22_3A","22",184,19.5,0,0,NA,342.81,70,0,0
"22_3A_09","22_3A","22",185,19.625,0,0,NA,342.81,70,0,0
"22_3A_09","22_3A","22",186,19.75,0,0,NA,342.81,70,0,0
"22_3A_09","22_3A","22",187,19.875,0,0,NA,342.81,70,0,0
"22_3A_09","22_3A","22",188,20,0,0,NA,342.81,70,0,0
"22_3A_09","22_3A","22",189,20.125,0,0,NA,342.81,70,0,0
"22_3A_09","22_3A","22",190,20.25,0,0,NA,342.81,70,0,0
"22_3A_09","22_3A","22",191,20.375,0,0,NA,342.81,70,0,0
"22_3A_09","22_3A","22",192,20.5,0,0,NA,342.81,70,0,0
"22_3A_09","22_3A","22",193,20.625,0,0,NA,342.81,70,0,0
"22_3A_09","22_3A","22",194,20.75,0,0,NA,342.81,70,0,0
"22_3A_09","22_3A","22",195,20.875,0,0,NA,342.81,70,0,0
"22_3A_09","22_3A","22",196,21,0,0,NA,342.81,70,0,0
"22_3A_09","22_3A","22",197,21.125,0,0,NA,342.81,70,0,0
"22_3A_09","22_3A","22",198,21.25,0,0,NA,342.81,70,0,0
"22_3A_09","22_3A","22",199,21.375,0,0,NA,342.81,70,0,0
"22_3A_09","22_3A","22",200,21.5,0,0,NA,342.81,70,0,0
"22_3A_09","22_3A","22",201,21.625,0,0,NA,342.81,70,0,0
"22_3A_09","22_3A","22",202,21.75,0,0,NA,342.81,70,0,0
"22_3A_09","22_3A","22",203,21.875,0,0,NA,342.81,70,0,0
"22_3A_09","22_3A","22",204,22,0,0,NA,342.81,70,0,0
"22_3A_09","22_3A","22",205,22.125,0,0,NA,342.81,70,0,0
"22_3A_09","22_3A","22",206,22.25,0,0,NA,342.81,70,0,0
"22_3A_09","22_3A","22",207,22.375,0,0,NA,342.81,70,0,0
"22_3A_09","22_3A","22",208,22.5,0,0,NA,342.81,70,0,0
"22_3A_09","22_3A","22",209,22.625,0,0,NA,342.81,70,0,0
"22_3A_09","22_3A","22",210,22.75,0,0,NA,342.81,70,0,0
"22_3A_09","22_3A","22",211,22.875,0,0,NA,342.81,70,0,0
"22_3A_09","22_3A","22",212,23,0,0,NA,342.81,70,0,0
"22_3A_09","22_3A","22",213,23.125,0,0,NA,342.81,70,0,0
"22_3A_09","22_3A","22",214,23.25,0,0,NA,342.81,70,0,0
"22_3A_09","22_3A","22",215,23.375,0,0,NA,342.81,70,0,0
"22_3A_09","22_3A","22",216,23.5,0,0,NA,342.81,70,0,0
"22_3A_09","22_3A","22",217,23.625,0,0,NA,342.81,70,0,0
"22_3A_09","22_3A","22",218,23.75,0,0,NA,342.81,70,0,0
"22_3A_09","22_3A","22",219,23.875,0,0,NA,342.81,70,0,0
"22_3A_09","22_3A","22",220,24,0,0,NA,342.81,70,0,0
"22_3A_09","22_3A","22",221,24.125,0,0,NA,342.81,70,0,0
"22_3A_09","22_3A","22",222,24.25,0,0,NA,342.81,70,0,0
"22_3A_09","22_3A","22",223,24.375,0,0,NA,342.81,70,0,0
"22_3A_09","22_3A","22",224,24.5,0,0,NA,342.81,70,0,0
"22_3A_09","22_3A","22",225,24.625,0,0,NA,342.81,70,0,0
"22_3A_09","22_3A","22",226,24.75,0,0,NA,342.81,70,0,0
"22_3A_09","22_3A","22",227,24.875,0,0,NA,342.81,70,0,0
"22_3A_09","22_3A","22",228,25,0,0,NA,342.81,70,0,0
"22_3A_09","22_3A","22",229,25.125,0,0,NA,342.81,70,0,0
"22_3A_09","22_3A","22",230,25.25,0,0,NA,342.81,70,0,0
"22_3A_09","22_3A","22",231,25.375,0,0,NA,342.81,70,0,0
"22_3A_09","22_3A","22",232,25.5,0,0,NA,342.81,70,0,0
"22_3A_09","22_3A","22",233,25.625,0,0,NA,342.81,70,0,0
"22_3A_09","22_3A","22",234,25.75,0,0,NA,342.81,70,0,0
"22_3A_09","22_3A","22",235,25.875,0,0,NA,342.81,70,0,0
"22_3A_09","22_3A","22",236,26,0,0,NA,342.81,70,0,0
"22_3A_09","22_3A","22",237,26.125,0,0,NA,342.81,70,0,0
"22_3A_09","22_3A","22",238,26.25,0,0,NA,342.81,70,0,0
"22_3A_09","22_3A","22",239,26.375,0,0,NA,342.81,70,0,0
"22_3A_09","22_3A","22",240,26.5,0,0,NA,342.81,70,0,0
"22_3A_09","22_3A","22",241,26.625,0,0,NA,342.81,70,0,0
"22_3A_09","22_3A","22",242,26.75,0,0,NA,342.81,70,0,0
"22_3A_09","22_3A","22",243,26.875,0,0,NA,342.81,70,0,0
"22_3A_09","22_3A","22",244,27,0,0,NA,342.81,70,0,0
"22_3A_09","22_3A","22",245,27.125,0,0,NA,342.81,70,0,0
"22_3A_09","22_3A","22",246,27.25,0,0,NA,342.81,70,0,0
"22_3A_09","22_3A","22",247,27.375,0,0,NA,342.81,70,0,0
"22_3A_09","22_3A","22",248,27.5,0,0,NA,342.81,70,0,0
"22_3A_09","22_3A","22",249,27.625,0,0,NA,342.81,70,0,0
"22_3A_09","22_3A","22",250,27.75,0,0,NA,342.81,70,0,0
"22_3A_09","22_3A","22",251,27.875,0,0,NA,342.81,70,0,0
"22_3A_09","22_3A","22",252,28,0,0,NA,342.81,70,0,0
"22_3A_09","22_3A","22",253,28.125,0,0,NA,342.81,70,0,0
"22_3A_09","22_3A","22",254,28.25,0,0,NA,342.81,70,0,0
"22_3A_09","22_3A","22",255,28.375,0,0,NA,342.81,70,0,0
"22_3A_09","22_3A","22",256,28.5,0,0,NA,342.81,70,0,0
"22_3A_09","22_3A","22",257,28.625,0,0,NA,342.81,70,0,0
"22_3A_09","22_3A","22",258,28.75,0,0,NA,342.81,70,0,0
"22_3A_09","22_3A","22",259,28.875,0,0,NA,342.81,70,0,0
"22_3A_09","22_3A","22",260,29,0,0,NA,342.81,70,0,0
"22_3A_09","22_3A","22",261,29.125,0,0,NA,342.81,70,0,0
"22_3A_09","22_3A","22",262,29.25,0,0,NA,342.81,70,0,0
"22_3A_09","22_3A","22",263,29.375,0,0,NA,342.81,70,0,0
"22_3A_09","22_3A","22",264,29.5,0,0,NA,342.81,70,0,0
"22_3A_09","22_3A","22",265,29.625,0,0,NA,342.81,70,0,0
"22_3A_09","22_3A","22",266,29.75,0,0,NA,342.81,70,0,0
"22_3A_09","22_3A","22",267,29.875,0,0,NA,342.81,70,0,0
"22_3A_09","22_3A","22",268,30,0,0,NA,342.81,70,0,0
"22_3A_09","22_3A","22",269,30.125,0,0,NA,342.81,70,0,0
"22_3A_09","22_3A","22",270,30.25,0,0,NA,342.81,70,0,0
"22_3A_09","22_3A","22",271,30.375,0,0,NA,342.81,70,0,0
"22_3A_09","22_3A","22",272,30.5,0,0,NA,342.81,70,0,0
"22_3A_09","22_3A","22",273,30.625,0,0,NA,342.81,70,0,0
"22_3A_09","22_3A","22",274,30.75,0,0,NA,342.81,70,0,0
"22_3A_09","22_3A","22",275,30.875,0,0,NA,342.81,70,0,0
"22_3A_09","22_3A","22",276,31,0,0,NA,342.81,70,0,0
"22_3A_09","22_3A","22",277,31.125,0,0,NA,342.81,70,0,0
"22_3A_09","22_3A","22",278,31.25,0,0,NA,342.81,70,0,0
"22_3A_09","22_3A","22",279,31.375,0,0,NA,342.81,70,0,0
"22_3A_09","22_3A","22",280,31.5,0,0,NA,342.81,70,0,0
"22_3A_09","22_3A","22",281,31.625,0,0,NA,342.81,70,0,0
"22_3A_09","22_3A","22",282,31.75,0,0,NA,342.81,70,0,0
"22_3A_09","22_3A","22",283,31.875,0,0,NA,342.81,70,0,0
"22_3A_09","22_3A","22",284,32,0,0,NA,342.81,70,0,0
"22_3A_09","22_3A","22",285,32.125,0,0,NA,342.81,70,0,0
"22_3A_09","22_3A","22",286,32.25,0,0,NA,342.81,70,0,0
"22_3A_09","22_3A","22",287,32.375,0,0,NA,342.81,70,0,0
"22_3A_09","22_3A","22",288,32.5,0,0,NA,342.81,70,0,0
"22_3A_09","22_3A","22",289,32.625,0,0,NA,342.81,70,0,0
"22_3A_09","22_3A","22",290,32.75,0,0,NA,342.81,70,0,0
"22_3A_09","22_3A","22",291,32.875,0,0,NA,342.81,70,0,0
"22_3A_09","22_3A","22",292,33,0,0,NA,342.81,70,0,0
"22_3A_09","22_3A","22",293,33.125,0,0,NA,342.81,70,0,0
"22_3A_09","22_3A","22",294,33.25,0,0,NA,342.81,70,0,0
"22_3A_09","22_3A","22",295,33.375,0,0,NA,342.81,70,0,0
"22_3A_09","22_3A","22",296,33.5,0,0,NA,342.81,70,0,0
"22_3A_09","22_3A","22",297,33.625,0,0,NA,342.81,70,0,0
"22_3A_09","22_3A","22",298,33.75,0,0,NA,342.81,70,0,0
"22_3A_09","22_3A","22",299,33.875,0,0,NA,342.81,70,0,0
"22_3A_09","22_3A","22",300,34,0,0,NA,342.81,70,0,0
"22_3A_09","22_3A","22",301,34.125,0,0,NA,342.81,70,0,0
"22_3A_09","22_3A","22",302,34.25,0,0,NA,342.81,70,0,0
"22_3A_09","22_3A","22",303,34.375,0,0,NA,342.81,70,0,0
"22_3A_09","22_3A","22",304,34.5,0,0,NA,342.81,70,0,0
"22_3A_09","22_3A","22",305,34.625,0,0,NA,342.81,70,0,0
"22_3A_09","22_3A","22",306,34.75,0,0,NA,342.81,70,0,0
"22_3A_09","22_3A","22",307,34.875,0,0,NA,342.81,70,0,0
"22_3A_09","22_3A","22",308,35,0,0,NA,342.81,70,0,0
"22_3A_09","22_3A","22",309,35.125,0,0,NA,342.81,70,0,0
"22_3A_09","22_3A","22",310,35.25,0,0,NA,342.81,70,0,0
"22_3A_09","22_3A","22",311,35.375,0,0,NA,342.81,70,0,0
"22_3A_09","22_3A","22",312,35.5,0,0,NA,342.81,70,0,0
"22_3A_09","22_3A","22",313,35.625,0,0,NA,342.81,70,0,0
"22_3A_09","22_3A","22",314,35.75,0,0,NA,342.81,70,0,0
"22_3A_09","22_3A","22",315,35.875,0,0,NA,342.81,70,0,0
"22_3A_09","22_3A","22",316,36,0,0,NA,342.81,70,0,0
"22_3A_09","22_3A","22",317,36.125,0,0,NA,342.81,70,0,0
"22_3A_09","22_3A","22",318,36.25,0,0,NA,342.81,70,0,0
"22_3A_09","22_3A","22",319,36.375,0,0,NA,342.81,70,0,0
"22_3A_09","22_3A","22",320,36.5,0,0,NA,342.81,70,0,0
"22_3A_09","22_3A","22",321,36.625,0,1,3.60555124282837,342.81,70,0,0
"22_3A_09","22_3A","22",322,36.75,0,0,NA,342.81,70,0,0
"22_3A_09","22_3A","22",323,36.875,0,0,NA,342.81,70,0,0
"22_3A_09","22_3A","22",324,37,0,0,NA,342.81,70,0,0
"22_3A_09","22_3A","22",325,37.125,0,0,NA,342.81,70,0,0
"22_3A_09","22_3A","22",326,37.25,0,0,NA,342.81,70,0,0
"22_3A_09","22_3A","22",327,37.375,0,0,NA,342.81,70,0,0
"22_3A_09","22_3A","22",328,37.5,0,0,NA,342.81,70,0,0
"22_3A_09","22_3A","22",329,37.625,0,0,NA,342.81,70,0,0
"22_3A_09","22_3A","22",330,37.75,0,0,NA,342.81,70,0,0
"22_3A_09","22_3A","22",331,37.875,0,0,NA,342.81,70,0,0
"22_3A_09","22_3A","22",332,38,0,0,NA,342.81,70,0,0
"22_3A_09","22_3A","22",333,38.125,0,0,NA,342.81,70,0,0
"22_3A_09","22_3A","22",334,38.25,0,0,NA,342.81,70,0,0
"22_3A_09","22_3A","22",335,38.375,0,0,NA,342.81,70,0,0
"22_3A_09","22_3A","22",336,38.5,0,0,NA,342.81,70,0,0
"22_3A_09","22_3A","22",337,38.625,0,0,NA,342.81,70,0,0
"22_3A_09","22_3A","22",338,38.75,0,0,NA,342.81,70,0,0
"22_3A_09","22_3A","22",339,38.875,0,0,NA,342.81,70,0,0
"22_3A_09","22_3A","22",340,39,0,0,NA,342.81,70,0,0
"22_3A_09","22_3A","22",341,39.125,0,0,NA,342.81,70,0,0
"22_3A_09","22_3A","22",342,39.25,0,0,NA,342.81,70,0,0
"22_3A_09","22_3A","22",343,39.375,0,0,NA,342.81,70,0,0
"22_3A_09","22_3A","22",344,39.5,0,0,NA,342.81,70,0,0
"22_3A_09","22_3A","22",345,39.625,0,0,NA,342.81,70,0,0
"22_3A_09","22_3A","22",346,39.75,0,0,NA,342.81,70,0,0
"22_3A_09","22_3A","22",347,39.875,0,0,NA,342.81,70,0,0
"22_3A_09","22_3A","22",348,40,0,0,NA,342.81,70,0,0
"22_3A_09","22_3A","22",349,40.125,0,0,NA,342.81,70,0,0
"22_3A_09","22_3A","22",350,40.25,0,0,NA,342.81,70,0,0
"22_3A_09","22_3A","22",351,40.375,0,0,NA,342.81,70,0,0
"22_3A_09","22_3A","22",352,40.5,0,0,NA,342.81,70,0,0
"22_3A_09","22_3A","22",353,40.625,0,0,NA,342.81,70,0,0
"22_3A_09","22_3A","22",354,40.75,0,0,NA,342.81,70,0,0
"22_3A_09","22_3A","22",355,40.875,0,0,NA,342.81,70,0,0
"22_3A_09","22_3A","22",356,41,0,0,NA,342.81,70,0,0
"22_3A_09","22_3A","22",357,41.125,0,0,NA,342.81,70,0,0
"22_3A_09","22_3A","22",358,41.25,0,0,NA,342.81,70,0,0
"22_3A_09","22_3A","22",359,41.375,0,0,NA,342.81,70,0,0
"22_3A_09","22_3A","22",360,41.5,0,0,NA,342.81,70,0,0
"22_3A_09","22_3A","22",361,41.625,0,0,NA,342.81,70,0,0
"22_3A_09","22_3A","22",362,41.75,0,0,NA,342.81,70,0,0
"22_3A_09","22_3A","22",363,41.875,0,0,NA,342.81,70,0,0
"22_3A_09","22_3A","22",364,42,0,0,NA,342.81,70,0,0
"22_3A_09","22_3A","22",365,42.125,0,0,NA,342.81,70,0,0
"22_3A_09","22_3A","22",366,42.25,0,0,NA,342.81,70,0,0
"22_3A_09","22_3A","22",367,42.375,0,0,NA,342.81,70,0,0
"22_3A_09","22_3A","22",368,42.5,0,0,NA,342.81,70,0,0
"22_3A_09","22_3A","22",369,42.625,0,0,NA,342.81,70,0,0
"22_3A_09","22_3A","22",370,42.75,0,0,NA,342.81,70,0,0
"22_3A_09","22_3A","22",371,42.875,0,0,NA,342.81,70,0,0
"22_3A_09","22_3A","22",372,43,0,0,NA,342.81,70,0,0
"22_3A_09","22_3A","22",373,43.125,0,0,NA,342.81,70,0,0
"22_3A_09","22_3A","22",374,43.25,0,0,NA,342.81,70,0,0
"22_3A_09","22_3A","22",375,43.375,0,0,NA,342.81,70,0,0
"22_3A_09","22_3A","22",376,43.5,0,0,NA,342.81,70,0,0
"22_3A_09","22_3A","22",377,43.625,0,0,NA,342.81,70,0,0
"22_3A_09","22_3A","22",378,43.75,0,0,NA,342.81,70,0,0
"22_3A_09","22_3A","22",379,43.875,0,0,NA,342.81,70,0,0
"22_3A_09","22_3A","22",380,44,0,0,NA,342.81,70,0,0
"22_3A_09","22_3A","22",381,44.125,0,0,NA,342.81,70,0,0
"22_3A_09","22_3A","22",382,44.25,0,0,NA,342.81,70,0,0
"22_3A_09","22_3A","22",383,44.375,0,0,NA,342.81,70,0,0
"22_3A_09","22_3A","22",384,44.5,0,0,NA,342.81,70,0,0
"22_3A_09","22_3A","22",385,44.625,0,0,NA,342.81,70,0,0
"22_3A_09","22_3A","22",386,44.75,0,0,NA,342.81,70,0,0
"22_3A_09","22_3A","22",387,44.875,0,0,NA,342.81,70,0,0
"22_3A_09","22_3A","22",388,45,0,0,NA,342.81,70,0,0
"22_3A_09","22_3A","22",389,45.125,0,0,NA,342.81,70,0,0
"22_3A_09","22_3A","22",390,45.25,0,0,NA,342.81,70,0,0
"22_3A_09","22_3A","22",391,45.375,0,0,NA,342.81,70,0,0
"22_3A_09","22_3A","22",392,45.5,0,0,NA,342.81,70,0,0
"22_3A_09","22_3A","22",393,45.625,0,0,NA,342.81,70,0,0
"22_3A_09","22_3A","22",394,45.75,0,0,NA,342.81,70,0,0
"22_3A_09","22_3A","22",395,45.875,0,0,NA,342.81,70,0,0
"22_3A_09","22_3A","22",396,46,0,0,NA,342.81,70,0,0
"22_3A_09","22_3A","22",397,46.125,0,0,NA,342.81,70,0,0
"22_3A_09","22_3A","22",398,46.25,0,0,NA,342.81,70,0,0
"22_3A_09","22_3A","22",399,46.375,0,0,NA,342.81,70,0,0
"22_3A_09","22_3A","22",400,46.5,0,0,NA,342.81,70,0,0
"22_3A_09","22_3A","22",401,46.625,0,0,NA,342.81,70,0,0
"22_3A_09","22_3A","22",402,46.75,0,0,NA,342.81,70,0,0
"22_3A_09","22_3A","22",403,46.875,0,0,NA,342.81,70,0,0
"22_3A_09","22_3A","22",404,47,0,0,NA,342.81,70,0,0
"22_3A_09","22_3A","22",405,47.125,0,0,NA,342.81,70,0,0
"22_3A_09","22_3A","22",406,47.25,0,0,NA,342.81,70,0,0
"22_3A_09","22_3A","22",407,47.375,0,0,NA,342.81,70,0,0
"22_3A_09","22_3A","22",408,47.5,0,0,NA,342.81,70,0,0
"22_3A_09","22_3A","22",409,47.625,0,0,NA,342.81,70,0,0
"22_3A_09","22_3A","22",410,47.75,0,0,NA,342.81,70,0,0
"22_3A_09","22_3A","22",411,47.875,0,0,NA,342.81,70,0,0
"22_3A_09","22_3A","22",412,48,0,0,NA,342.81,70,0,0
"22_3A_09","22_3A","22",413,48.125,0,0,NA,342.81,70,0,0
"22_3A_09","22_3A","22",414,48.25,0,0,NA,342.81,70,0,0
"22_3A_09","22_3A","22",415,48.375,0,0,NA,342.81,70,0,0
"22_3A_09","22_3A","22",416,48.5,0,0,NA,342.81,70,0,0
"22_3A_09","22_3A","22",417,48.625,0,0,NA,342.81,70,0,0
"22_3A_09","22_3A","22",418,48.75,0,0,NA,342.81,70,0,0
"22_3A_09","22_3A","22",419,48.875,0,0,NA,342.81,70,0,0
"22_3A_09","22_3A","22",420,49,0,0,NA,342.81,70,0,0
"22_3A_09","22_3A","22",421,49.125,0,0,NA,342.81,70,0,0
"22_3A_09","22_3A","22",422,49.25,0,0,NA,342.81,70,0,0
"22_3A_09","22_3A","22",423,49.375,0,0,NA,342.81,70,0,0
"22_3A_09","22_3A","22",424,49.5,0,0,NA,342.81,70,0,0
"22_3A_09","22_3A","22",425,49.625,0,0,NA,342.81,70,0,0
"22_3A_09","22_3A","22",426,49.75,0,0,NA,342.81,70,0,0
"22_3A_09","22_3A","22",427,49.875,0,0,NA,342.81,70,0,0
"22_3A_09","22_3A","22",428,50,0,0,NA,342.81,70,0,0
"22_3A_09","22_3A","22",429,50.125,0,0,NA,342.81,70,0,0
"22_3A_09","22_3A","22",430,50.25,0,0,NA,342.81,70,0,0
"22_3A_09","22_3A","22",431,50.375,0,0,NA,342.81,70,0,0
"22_3A_09","22_3A","22",432,50.5,0,0,NA,342.81,70,0,0
"22_3A_09","22_3A","22",433,50.625,0,0,NA,342.81,70,0,0
"22_3A_09","22_3A","22",434,50.75,0,0,NA,342.81,70,0,0
"22_3A_09","22_3A","22",435,50.875,0,0,NA,342.81,70,0,0
"22_3A_09","22_3A","22",436,51,0,0,NA,342.81,70,0,0
"22_3A_09","22_3A","22",437,51.125,0,0,NA,342.81,70,0,0
"22_3A_09","22_3A","22",438,51.25,0,0,NA,342.81,70,0,0
"22_3A_09","22_3A","22",439,51.375,0,0,NA,342.81,70,0,0
"22_3A_09","22_3A","22",440,51.5,0,0,NA,342.81,70,0,0
"22_3A_09","22_3A","22",441,51.625,0,0,NA,342.81,70,0,0
"22_3A_09","22_3A","22",442,51.75,0,0,NA,342.81,70,0,0
"22_3A_09","22_3A","22",443,51.875,0,0,NA,342.81,70,0,0
"22_3A_09","22_3A","22",444,52,0,0,NA,342.81,70,0,0
"22_3A_09","22_3A","22",445,52.125,0,0,NA,342.81,70,0,0
"22_3A_09","22_3A","22",446,52.25,0,0,NA,342.81,70,0,0
"22_3A_09","22_3A","22",447,52.375,0,0,NA,342.81,70,0,0
"22_3A_09","22_3A","22",448,52.5,0,0,NA,342.81,70,0,0
"22_3A_09","22_3A","22",449,52.625,0,0,NA,342.81,70,0,0
"22_3A_09","22_3A","22",450,52.75,0,0,NA,342.81,70,0,0
"22_3A_09","22_3A","22",451,52.875,0,0,NA,342.81,70,0,0
"22_3A_09","22_3A","22",452,53,0,0,NA,342.81,70,0,0
"22_3A_09","22_3A","22",453,53.125,0,0,NA,342.81,70,0,0
"22_3A_09","22_3A","22",454,53.25,0,0,NA,342.81,70,0,0
"22_3A_09","22_3A","22",455,53.375,0,0,NA,342.81,70,0,0
"22_3A_09","22_3A","22",456,53.5,0,0,NA,342.81,70,0,0
"22_3A_09","22_3A","22",457,53.625,0,0,NA,342.81,70,0,0
"22_3A_09","22_3A","22",458,53.75,0,0,NA,342.81,70,0,0
"22_3A_09","22_3A","22",459,53.875,0,0,NA,342.81,70,0,0
"22_3A_09","22_3A","22",460,54,0,0,NA,342.81,70,0,0
"22_3A_09","22_3A","22",461,54.125,0,0,NA,342.81,70,0,0
"22_3A_09","22_3A","22",462,54.25,0,0,NA,342.81,70,0,0
"22_3A_09","22_3A","22",463,54.375,0,0,NA,342.81,70,0,0
"22_3A_09","22_3A","22",464,54.5,0,0,NA,342.81,70,0,0
"22_3A_09","22_3A","22",465,54.625,0,0,NA,342.81,70,0,0
"22_3A_09","22_3A","22",466,54.75,0,0,NA,342.81,70,0,0
"22_3A_09","22_3A","22",467,54.875,0,0,NA,342.81,70,0,0
"22_3A_09","22_3A","22",468,55,0,0,NA,342.81,70,0,0
"22_3A_09","22_3A","22",469,55.125,0,0,NA,342.81,70,0,0
"22_3A_09","22_3A","22",470,55.25,0,0,NA,342.81,70,0,0
"22_3A_09","22_3A","22",471,55.375,0,0,NA,342.81,70,0,0
"22_3A_09","22_3A","22",472,55.5,0,0,NA,342.81,70,0,0
"22_3A_09","22_3A","22",473,55.625,0,0,NA,342.81,70,0,0
"22_3A_09","22_3A","22",474,55.75,0,0,NA,342.81,70,0,0
"22_3A_09","22_3A","22",475,55.875,0,0,NA,342.81,70,0,0
"22_3A_09","22_3A","22",476,56,0,0,NA,342.81,70,0,0
"22_3A_09","22_3A","22",477,56.125,0,0,NA,342.81,70,0,0
"22_3A_09","22_3A","22",478,56.25,0,0,NA,342.81,70,0,0
"22_3A_09","22_3A","22",479,56.375,0,0,NA,342.81,70,0,0
"22_3A_09","22_3A","22",480,56.5,0,0,NA,342.81,70,0,0
"22_3A_09","22_3A","22",481,56.625,0,0,NA,342.81,70,0,0
"22_3A_09","22_3A","22",482,56.75,0,0,NA,342.81,70,0,0
"22_3A_09","22_3A","22",483,56.875,0,0,NA,342.81,70,0,0
"22_3A_09","22_3A","22",484,57,0,0,NA,342.81,70,0,0
"22_3A_09","22_3A","22",485,57.125,0,0,NA,342.81,70,0,0
"22_3A_09","22_3A","22",486,57.25,0,0,NA,342.81,70,0,0
"22_3A_09","22_3A","22",487,57.375,0,0,NA,342.81,70,0,0
"22_3A_09","22_3A","22",488,57.5,0,0,NA,342.81,70,0,0
"22_3A_09","22_3A","22",489,57.625,0,0,NA,342.81,70,0,0
"22_3A_09","22_3A","22",490,57.75,0,0,NA,342.81,70,0,0
"22_3A_09","22_3A","22",491,57.875,0,0,NA,342.81,70,0,0
"22_3A_09","22_3A","22",492,58,0,0,NA,342.81,70,0,0
"22_3A_09","22_3A","22",493,58.125,0,0,NA,342.81,70,0,0
"22_3A_09","22_3A","22",494,58.25,0,0,NA,342.81,70,0,0
"22_3A_09","22_3A","22",495,58.375,0,0,NA,342.81,70,0,0
"22_3A_09","22_3A","22",496,58.5,0,0,NA,342.81,70,0,0
"22_3A_09","22_3A","22",497,58.625,0,0,NA,342.81,70,0,0
"22_3A_09","22_3A","22",498,58.75,0,1,3.61316752433777,342.81,70,0,0
"22_3A_09","22_3A","22",499,58.875,0,0,NA,342.81,70,0,0
"22_3A_09","22_3A","22",500,59,0,0,NA,342.81,70,0,0
"22_3A_09","22_3A","22",501,59.125,0,2,4.01123428344727,342.81,70,0,0
"22_3A_09","22_3A","22",502,59.25,0,1,4.69213390350342,344.89,132.34,62.3746903799931,19.8436000000003
"22_3A_09","22_3A","22",503,59.375,0,1,4.86371183395386,344.24,132.68,0.733552997403714,-0.0194871093749967
"22_3A_09","22_3A","22",504,59.5,0,2,4.78565502166748,344.238098144531,132.619049072266,0.0609805923709001,-0.0827664842084077
"22_3A_09","22_3A","22",505,59.625,1,1,5,343.5,134,1.56582704529297,2.75811479752883
"22_3A_09","22_3A","22",506,59.75,1,2,5.10765075683594,344.085266113281,136.310073852539,2.38306055893257,1.24790606996974
"22_3A_09","22_3A","22",507,59.875,1,1,4.66647243499756,344.56,136.73,0.633806147430324,-6.20351945190448
"22_3A_09","22_3A","22",508,60,1,11,4.00222158432007,320.25,149.44,27.4321016329409,0
"22_3A_09","22_3A","22",509,60.125,1,0,NA,320.25,149.44,0,0
"22_3A_09","22_3A","22",510,60.25,1,1,3.16227769851685,342.5,131.5,28.5815692361354,0
"22_3A_09","22_3A","22",511,60.375,1,0,NA,342.5,131.5,0,0
"22_3A_09","22_3A","22",512,60.5,1,0,NA,342.5,131.5,0,0
"22_3A_09","22_3A","22",513,60.625,0,0,NA,342.5,131.5,0,0
"22_3A_09","22_3A","22",514,60.75,0,1,4.01123428344727,341,131.85,1.54029218007493,-0.407000000000039
"22_3A_09","22_3A","22",515,60.875,0,1,3.61316752433777,341.22,131.63,0.311126983722099,0
"22_3A_09","22_3A","22",516,61,0,0,NA,341.22,131.63,0,0
"22_3A_09","22_3A","22",517,61.125,0,0,NA,341.22,131.63,0,0
"22_3A_09","22_3A","22",518,61.25,0,0,NA,341.22,131.63,0,0
"22_3A_09","22_3A","22",519,61.375,0,0,NA,341.22,131.63,0,0
"22_3A_09","22_3A","22",520,61.5,0,0,NA,341.22,131.63,0,0
"22_3A_09","22_3A","22",521,61.625,0,0,NA,341.22,131.63,0,0
"22_3A_09","22_3A","22",522,61.75,0,0,NA,341.22,131.63,0,0
"22_3A_09","22_3A","22",523,61.875,0,0,NA,341.22,131.63,0,0
"22_3A_09","22_3A","22",524,62,0,0,NA,341.22,131.63,0,0
"22_3A_09","22_3A","22",525,62.125,0,0,NA,341.22,131.63,0,0
"22_3A_09","22_3A","22",526,62.25,0,0,NA,341.22,131.63,0,0
"22_3A_09","22_3A","22",527,62.375,0,0,NA,341.22,131.63,0,0
"22_3A_09","22_3A","22",528,62.5,0,0,NA,341.22,131.63,0,0
"22_3A_09","22_3A","22",529,62.625,0,0,NA,341.22,131.63,0,0
"22_3A_09","22_3A","22",530,62.75,0,0,NA,341.22,131.63,0,0
"22_3A_09","22_3A","22",531,62.875,0,0,NA,341.22,131.63,0,0
"22_3A_09","22_3A","22",532,63,0,0,NA,341.22,131.63,0,0
"22_3A_09","22_3A","22",533,63.125,0,0,NA,341.22,131.63,0,0
"22_3A_09","22_3A","22",534,63.25,0,0,NA,341.22,131.63,0,0
"22_3A_09","22_3A","22",535,63.375,0,0,NA,341.22,131.63,0,0
"22_3A_09","22_3A","22",536,63.5,0,0,NA,341.22,131.63,0,0
"22_3A_09","22_3A","22",537,63.625,0,0,NA,341.22,131.63,0,0
"22_3A_09","22_3A","22",538,63.75,0,0,NA,341.22,131.63,0,0
"22_3A_09","22_3A","22",539,63.875,0,0,NA,341.22,131.63,0,0
"22_3A_09","22_3A","22",540,64,0,0,NA,341.22,131.63,0,0
"22_3A_09","22_3A","22",541,64.125,0,0,NA,341.22,131.63,0,0
"22_3A_09","22_3A","22",542,64.25,0,0,NA,341.22,131.63,0,0
"22_3A_09","22_3A","22",543,64.375,0,1,3.60555124282837,317,81.5,55.6742786212808,0
"22_3A_09","22_3A","22",544,64.5,0,0,NA,317,81.5,0,0
"22_3A_09","22_3A","22",545,64.625,0,0,NA,317,81.5,0,0
"22_3A_09","22_3A","22",546,64.75,0,0,NA,317,81.5,0,0
"22_3A_09","22_3A","22",547,64.875,0,0,NA,317,81.5,0,0
"22_3A_09","22_3A","22",548,65,0,0,NA,317,81.5,0,0
"22_3A_09","22_3A","22",549,65.125,0,0,NA,317,81.5,0,0
"22_3A_09","22_3A","22",550,65.25,0,0,NA,317,81.5,0,0
"22_3A_09","22_3A","22",551,65.375,0,0,NA,317,81.5,0,0
"22_3A_09","22_3A","22",552,65.5,0,0,NA,317,81.5,0,0
"22_3A_09","22_3A","22",553,65.625,0,0,NA,317,81.5,0,0
"22_3A_09","22_3A","22",554,65.75,0,0,NA,317,81.5,0,0
"22_3A_09","22_3A","22",555,65.875,0,0,NA,317,81.5,0,0
"22_3A_09","22_3A","22",556,66,0,0,NA,317,81.5,0,0
"22_3A_09","22_3A","22",557,66.125,0,0,NA,317,81.5,0,0
"22_3A_09","22_3A","22",558,66.25,0,0,NA,317,81.5,0,0
"22_3A_09","22_3A","22",559,66.375,0,0,NA,317,81.5,0,0
"22_3A_09","22_3A","22",560,66.5,0,0,NA,317,81.5,0,0
"22_3A_09","22_3A","22",561,66.625,0,0,NA,317,81.5,0,0
"22_3A_09","22_3A","22",562,66.75,0,0,NA,317,81.5,0,0
"22_3A_09","22_3A","22",563,66.875,0,0,NA,317,81.5,0,0
"22_3A_09","22_3A","22",564,67,0,0,NA,317,81.5,0,0
"22_3A_09","22_3A","22",565,67.125,0,0,NA,317,81.5,0,0
"22_3A_09","22_3A","22",566,67.25,0,0,NA,317,81.5,0,0
"22_3A_09","22_3A","22",567,67.375,0,0,NA,317,81.5,0,0
"22_3A_09","22_3A","22",568,67.5,0,0,NA,317,81.5,0,0
"22_3A_09","22_3A","22",569,67.625,0,0,NA,317,81.5,0,0
"22_3A_09","22_3A","22",570,67.75,0,0,NA,317,81.5,0,0
"22_3A_09","22_3A","22",571,67.875,0,0,NA,317,81.5,0,0
"22_3A_09","22_3A","22",572,68,0,0,NA,317,81.5,0,0
"22_3A_09","22_3A","22",573,68.125,0,0,NA,317,81.5,0,0
"22_3A_09","22_3A","22",574,68.25,0,0,NA,317,81.5,0,0
"22_3A_09","22_3A","22",575,68.375,0,0,NA,317,81.5,0,0
"22_3A_09","22_3A","22",576,68.5,0,0,NA,317,81.5,0,0
"22_3A_09","22_3A","22",577,68.625,0,0,NA,317,81.5,0,0
"22_3A_09","22_3A","22",578,68.75,0,0,NA,317,81.5,0,0
"22_3A_09","22_3A","22",579,68.875,0,0,NA,317,81.5,0,0
"22_3A_09","22_3A","22",580,69,0,0,NA,317,81.5,0,0
"22_3A_09","22_3A","22",581,69.125,0,0,NA,317,81.5,0,0
"22_3A_09","22_3A","22",582,69.25,0,0,NA,317,81.5,0,0
"22_3A_09","22_3A","22",583,69.375,0,0,NA,317,81.5,0,0
"22_3A_09","22_3A","22",584,69.5,0,0,NA,317,81.5,0,0
"22_3A_09","22_3A","22",585,69.625,0,0,NA,317,81.5,0,0
"22_3A_09","22_3A","22",586,69.75,0,0,NA,317,81.5,0,0
"22_3A_09","22_3A","22",587,69.875,0,0,NA,317,81.5,0,0
"22_3A_09","22_3A","22",588,70,0,0,NA,317,81.5,0,0
"22_3A_09","22_3A","22",589,70.125,0,0,NA,317,81.5,0,0
"22_3A_09","22_3A","22",590,70.25,0,0,NA,317,81.5,0,0
"22_3A_09","22_3A","22",591,70.375,0,0,NA,317,81.5,0,0
"22_3A_09","22_3A","22",592,70.5,0,0,NA,317,81.5,0,0
"22_3A_09","22_3A","22",593,70.625,0,0,NA,317,81.5,0,0
"22_3A_09","22_3A","22",594,70.75,0,0,NA,317,81.5,0,0
"22_3A_09","22_3A","22",595,70.875,0,0,NA,317,81.5,0,0
"22_3A_09","22_3A","22",596,71,0,0,NA,317,81.5,0,0
"22_3A_09","22_3A","22",597,71.125,0,0,NA,317,81.5,0,0
"22_3A_09","22_3A","22",598,71.25,0,0,NA,317,81.5,0,0
"22_3A_09","22_3A","22",599,71.375,0,0,NA,317,81.5,0,0
"22_3A_09","22_3A","22",600,71.5,0,0,NA,317,81.5,0,0
"22_3A_09","22_3A","22",601,71.625,0,0,NA,317,81.5,0,0
"22_3A_09","22_3A","22",602,71.75,0,0,NA,317,81.5,0,0
"22_3A_09","22_3A","22",603,71.875,0,0,NA,317,81.5,0,0
"22_3A_09","22_3A","22",604,72,0,0,NA,317,81.5,0,0
"22_3A_09","22_3A","22",605,72.125,0,0,NA,317,81.5,0,0
"22_3A_09","22_3A","22",606,72.25,0,0,NA,317,81.5,0,0
"22_3A_09","22_3A","22",607,72.375,0,0,NA,317,81.5,0,0
"22_3A_09","22_3A","22",608,72.5,0,0,NA,317,81.5,0,0
"22_3A_09","22_3A","22",609,72.625,0,0,NA,317,81.5,0,0
"22_3A_09","22_3A","22",610,72.75,0,0,NA,317,81.5,0,0
"22_3A_09","22_3A","22",611,72.875,0,0,NA,317,81.5,0,0
"22_3A_09","22_3A","22",612,73,0,0,NA,317,81.5,0,0
"22_3A_09","22_3A","22",613,73.125,0,0,NA,317,81.5,0,0
"22_3A_09","22_3A","22",614,73.25,0,0,NA,317,81.5,0,0
"22_3A_09","22_3A","22",615,73.375,0,0,NA,317,81.5,0,0
"22_3A_09","22_3A","22",616,73.5,0,0,NA,317,81.5,0,0
"22_3A_09","22_3A","22",617,73.625,0,0,NA,317,81.5,0,0
"22_3A_09","22_3A","22",618,73.75,0,0,NA,317,81.5,0,0
"22_3A_09","22_3A","22",619,73.875,0,0,NA,317,81.5,0,0
"22_3A_09","22_3A","22",620,74,0,0,NA,317,81.5,0,0
"22_3A_09","22_3A","22",621,74.125,0,0,NA,317,81.5,0,0
"22_3A_09","22_3A","22",622,74.25,0,0,NA,317,81.5,0,0
"22_3A_09","22_3A","22",623,74.375,0,0,NA,317,81.5,0,0
"22_3A_09","22_3A","22",624,74.5,0,0,NA,317,81.5,0,0
"22_3A_09","22_3A","22",625,74.625,0,0,NA,317,81.5,0,0
"22_3A_09","22_3A","22",626,74.75,0,0,NA,317,81.5,0,0
"22_3A_09","22_3A","22",627,74.875,0,0,NA,317,81.5,0,0
"22_3A_09","22_3A","22",628,75,0,0,NA,317,81.5,0,0
"22_3A_09","22_3A","22",629,75.125,0,0,NA,317,81.5,0,0
"22_3A_09","22_3A","22",630,75.25,0,0,NA,317,81.5,0,0
"22_3A_09","22_3A","22",631,75.375,0,0,NA,317,81.5,0,0
"22_3A_09","22_3A","22",632,75.5,0,0,NA,317,81.5,0,0
"22_3A_09","22_3A","22",633,75.625,0,0,NA,317,81.5,0,0
"22_3A_09","22_3A","22",634,75.75,0,0,NA,317,81.5,0,0
"22_3A_09","22_3A","22",635,75.875,0,0,NA,317,81.5,0,0
"22_3A_09","22_3A","22",636,76,0,0,NA,317,81.5,0,0
"22_3A_09","22_3A","22",637,76.125,0,0,NA,317,81.5,0,0
"22_3A_09","22_3A","22",638,76.25,0,0,NA,317,81.5,0,0
"22_3A_09","22_3A","22",639,76.375,0,0,NA,317,81.5,0,0
"22_3A_09","22_3A","22",640,76.5,0,0,NA,317,81.5,0,0
"22_3A_09","22_3A","22",641,76.625,0,0,NA,317,81.5,0,0
"22_3A_09","22_3A","22",642,76.75,0,0,NA,317,81.5,0,0
"22_3A_09","22_3A","22",643,76.875,0,0,NA,317,81.5,0,0
"22_3A_09","22_3A","22",644,77,0,0,NA,317,81.5,0,0
"22_3A_09","22_3A","22",645,77.125,0,0,NA,317,81.5,0,0
"22_3A_09","22_3A","22",646,77.25,0,0,NA,317,81.5,0,0
"22_3A_09","22_3A","22",647,77.375,0,0,NA,317,81.5,0,0
"22_3A_09","22_3A","22",648,77.5,0,0,NA,317,81.5,0,0
"22_3A_09","22_3A","22",649,77.625,0,0,NA,317,81.5,0,0
"22_3A_09","22_3A","22",650,77.75,0,0,NA,317,81.5,0,0
"22_3A_09","22_3A","22",651,77.875,0,0,NA,317,81.5,0,0
"22_3A_09","22_3A","22",652,78,0,0,NA,317,81.5,0,0
"22_3A_09","22_3A","22",653,78.125,0,0,NA,317,81.5,0,0
"22_3A_09","22_3A","22",654,78.25,0,0,NA,317,81.5,0,0
"22_3A_09","22_3A","22",655,78.375,0,0,NA,317,81.5,0,0
"22_3A_09","22_3A","22",656,78.5,0,0,NA,317,81.5,0,0
"22_3A_09","22_3A","22",657,78.625,0,0,NA,317,81.5,0,0
"22_3A_09","22_3A","22",658,78.75,0,0,NA,317,81.5,0,0
"22_3A_09","22_3A","22",659,78.875,0,0,NA,317,81.5,0,0
"22_3A_09","22_3A","22",660,79,0,0,NA,317,81.5,0,0
"22_3A_09","22_3A","22",661,79.125,0,0,NA,317,81.5,0,0
"22_3A_09","22_3A","22",662,79.25,0,0,NA,317,81.5,0,0
"22_3A_09","22_3A","22",663,79.375,0,0,NA,317,81.5,0,0
"22_3A_09","22_3A","22",664,79.5,0,0,NA,317,81.5,0,0
"22_3A_09","22_3A","22",665,79.625,0,0,NA,317,81.5,0,0
"22_3A_09","22_3A","22",666,79.75,0,0,NA,317,81.5,0,0
"22_3A_09","22_3A","22",667,79.875,0,0,NA,317,81.5,0,0
"22_3A_09","22_3A","22",668,80,0,0,NA,317,81.5,0,0
"22_3A_09","22_3A","22",669,80.125,0,0,NA,317,81.5,0,0
"22_3A_09","22_3A","22",670,80.25,0,0,NA,317,81.5,0,0
"22_3A_09","22_3A","22",671,80.375,0,0,NA,317,81.5,0,0
"22_3A_09","22_3A","22",672,80.5,0,0,NA,317,81.5,0,0
"22_3A_09","22_3A","22",673,80.625,0,0,NA,317,81.5,0,0
"22_3A_09","22_3A","22",674,80.75,0,0,NA,317,81.5,0,0
"22_3A_09","22_3A","22",675,80.875,0,0,NA,317,81.5,0,0
"22_3A_09","22_3A","22",676,81,0,0,NA,317,81.5,0,0
"22_3A_09","22_3A","22",677,81.125,0,0,NA,317,81.5,0,0
"22_3A_09","22_3A","22",678,81.25,0,0,NA,317,81.5,0,0
"22_3A_09","22_3A","22",679,81.375,0,0,NA,317,81.5,0,0
"22_3A_09","22_3A","22",680,81.5,0,0,NA,317,81.5,0,0
"22_3A_09","22_3A","22",681,81.625,0,0,NA,317,81.5,0,0
"22_3A_09","22_3A","22",682,81.75,0,0,NA,317,81.5,0,0
"22_3A_09","22_3A","22",683,81.875,0,0,NA,317,81.5,0,0
"22_3A_09","22_3A","22",684,82,0,0,NA,317,81.5,0,0
"22_3A_09","22_3A","22",685,82.125,0,0,NA,317,81.5,0,0
"22_3A_09","22_3A","22",686,82.25,0,0,NA,317,81.5,0,0
"22_3A_09","22_3A","22",687,82.375,0,0,NA,317,81.5,0,0
"22_3A_09","22_3A","22",688,82.5,0,0,NA,317,81.5,0,0
"22_3A_09","22_3A","22",689,82.625,0,0,NA,317,81.5,0,0
"22_3A_09","22_3A","22",690,82.75,0,0,NA,317,81.5,0,0
"22_3A_09","22_3A","22",691,82.875,0,0,NA,317,81.5,0,0
"22_3A_09","22_3A","22",692,83,0,0,NA,317,81.5,0,0
"22_3A_09","22_3A","22",693,83.125,0,0,NA,317,81.5,0,0
"22_3A_09","22_3A","22",694,83.25,0,0,NA,317,81.5,0,0
"22_3A_09","22_3A","22",695,83.375,0,0,NA,317,81.5,0,0
"22_3A_09","22_3A","22",696,83.5,0,0,NA,317,81.5,0,0
"22_3A_09","22_3A","22",697,83.625,0,0,NA,317,81.5,0,0
"22_3A_09","22_3A","22",698,83.75,0,0,NA,317,81.5,0,0
"22_3A_09","22_3A","22",699,83.875,0,0,NA,317,81.5,0,0
"22_3A_09","22_3A","22",700,84,0,0,NA,317,81.5,0,0
"22_3A_09","22_3A","22",701,84.125,0,0,NA,317,81.5,0,0
"22_3A_09","22_3A","22",702,84.25,0,0,NA,317,81.5,0,0
"22_3A_09","22_3A","22",703,84.375,0,0,NA,317,81.5,0,0
"22_3A_09","22_3A","22",704,84.5,0,0,NA,317,81.5,0,0
"22_3A_09","22_3A","22",705,84.625,0,0,NA,317,81.5,0,0
"22_3A_09","22_3A","22",706,84.75,0,0,NA,317,81.5,0,0
"22_3A_09","22_3A","22",707,84.875,0,0,NA,317,81.5,0,0
"22_3A_09","22_3A","22",708,85,0,0,NA,317,81.5,0,0
"22_3A_09","22_3A","22",709,85.125,0,0,NA,317,81.5,0,0
"22_3A_09","22_3A","22",710,85.25,0,0,NA,317,81.5,0,0
"22_3A_09","22_3A","22",711,85.375,0,0,NA,317,81.5,0,0
"22_3A_09","22_3A","22",712,85.5,0,0,NA,317,81.5,0,0
"22_3A_09","22_3A","22",713,85.625,0,0,NA,317,81.5,0,0
"22_3A_09","22_3A","22",714,85.75,0,0,NA,317,81.5,0,0
"22_3A_09","22_3A","22",715,85.875,0,0,NA,317,81.5,0,0
"22_3A_09","22_3A","22",716,86,0,0,NA,317,81.5,0,0
"22_3A_09","22_3A","22",717,86.125,0,0,NA,317,81.5,0,0
"22_3A_09","22_3A","22",718,86.25,0,0,NA,317,81.5,0,0
"22_3A_09","22_3A","22",719,86.375,0,0,NA,317,81.5,0,0
"22_3A_09","22_3A","22",720,86.5,0,0,NA,317,81.5,0,0
"22_3A_09","22_3A","22",721,86.625,0,0,NA,317,81.5,0,0
"22_3A_09","22_3A","22",722,86.75,0,0,NA,317,81.5,0,0
"22_3A_09","22_3A","22",723,86.875,0,0,NA,317,81.5,0,0
"22_3A_09","22_3A","22",724,87,0,0,NA,317,81.5,0,0
"22_3A_09","22_3A","22",725,87.125,0,0,NA,317,81.5,0,0
"22_3A_09","22_3A","22",726,87.25,0,0,NA,317,81.5,0,0
"22_3A_09","22_3A","22",727,87.375,0,0,NA,317,81.5,0,0
"22_3A_09","22_3A","22",728,87.5,0,0,NA,317,81.5,0,0
"22_3A_09","22_3A","22",729,87.625,0,0,NA,317,81.5,0,0
"22_3A_09","22_3A","22",730,87.75,0,0,NA,317,81.5,0,0
"22_3A_09","22_3A","22",731,87.875,0,0,NA,317,81.5,0,0
"22_3A_09","22_3A","22",732,88,0,0,NA,317,81.5,0,0
"22_3A_09","22_3A","22",733,88.125,0,0,NA,317,81.5,0,0
"22_3A_09","22_3A","22",734,88.25,0,0,NA,317,81.5,0,0
"22_3A_09","22_3A","22",735,88.375,0,0,NA,317,81.5,0,0
"22_3A_09","22_3A","22",736,88.5,0,0,NA,317,81.5,0,0
"22_3A_09","22_3A","22",737,88.625,0,0,NA,317,81.5,0,0
"22_3A_09","22_3A","22",738,88.75,0,0,NA,317,81.5,0,0
"22_3A_09","22_3A","22",739,88.875,0,0,NA,317,81.5,0,0
"22_3A_09","22_3A","22",740,89,0,0,NA,317,81.5,0,0
"22_3A_09","22_3A","22",741,89.125,0,0,NA,317,81.5,0,0
"22_3A_09","22_3A","22",742,89.25,0,0,NA,317,81.5,0,0
"22_3A_09","22_3A","22",743,89.375,0,0,NA,317,81.5,0,0
"22_3A_09","22_3A","22",744,89.5,0,0,NA,317,81.5,0,0
"22_3A_09","22_3A","22",745,89.625,0,0,NA,317,81.5,0,0
"22_3A_09","22_3A","22",746,89.75,0,0,NA,317,81.5,0,0
"22_3A_09","22_3A","22",747,89.875,0,0,NA,317,81.5,0,0
"22_3A_09","22_3A","22",748,90,0,0,NA,317,81.5,0,0
"22_3A_09","22_3A","22",749,90.125,0,0,NA,317,81.5,0,0
"22_3A_09","22_3A","22",750,90.25,0,0,NA,317,81.5,0,0
"22_3A_09","22_3A","22",751,90.375,0,0,NA,317,81.5,0,0
"22_3A_09","22_3A","22",752,90.5,0,0,NA,317,81.5,0,0
"22_3A_09","22_3A","22",753,90.625,0,0,NA,317,81.5,0,0
"22_3A_09","22_3A","22",754,90.75,0,0,NA,317,81.5,0,0
"22_3A_09","22_3A","22",755,90.875,0,0,NA,317,81.5,0,0
"22_3A_09","22_3A","22",756,91,0,0,NA,317,81.5,0,0
"22_3A_09","22_3A","22",757,91.125,0,0,NA,317,81.5,0,0
"22_3A_09","22_3A","22",758,91.25,0,0,NA,317,81.5,0,0
"22_3A_09","22_3A","22",759,91.375,0,0,NA,317,81.5,0,0
"22_3A_09","22_3A","22",760,91.5,0,0,NA,317,81.5,0,0
"22_3A_09","22_3A","22",761,91.625,0,0,NA,317,81.5,0,0
"22_3A_09","22_3A","22",762,91.75,0,0,NA,317,81.5,0,0
"22_3A_09","22_3A","22",763,91.875,0,0,NA,317,81.5,0,0
"22_3A_09","22_3A","22",764,92,0,0,NA,317,81.5,0,0
"22_3A_09","22_3A","22",765,92.125,0,0,NA,317,81.5,0,0
"22_3A_09","22_3A","22",766,92.25,0,0,NA,317,81.5,0,0
"22_3A_09","22_3A","22",767,92.375,0,0,NA,317,81.5,0,0
"22_3A_09","22_3A","22",768,92.5,0,0,NA,317,81.5,0,0
"22_3A_09","22_3A","22",769,92.625,0,0,NA,317,81.5,0,0
"22_3A_09","22_3A","22",770,92.75,0,0,NA,317,81.5,0,0
"22_3A_09","22_3A","22",771,92.875,0,0,NA,317,81.5,0,0
"22_3A_09","22_3A","22",772,93,0,0,NA,317,81.5,0,0
"22_3A_09","22_3A","22",773,93.125,0,0,NA,317,81.5,0,0
"22_3A_09","22_3A","22",774,93.25,0,0,NA,317,81.5,0,0
"22_3A_09","22_3A","22",775,93.375,0,0,NA,317,81.5,0,0
"22_3A_09","22_3A","22",776,93.5,0,0,NA,317,81.5,0,0
"22_3A_09","22_3A","22",777,93.625,0,0,NA,317,81.5,0,0
"22_3A_09","22_3A","22",778,93.75,0,0,NA,317,81.5,0,0
"22_3A_09","22_3A","22",779,93.875,0,0,NA,317,81.5,0,0
"22_3A_09","22_3A","22",780,94,0,0,NA,317,81.5,0,0
"22_3A_09","22_3A","22",781,94.125,0,0,NA,317,81.5,0,0
"22_3A_09","22_3A","22",782,94.25,0,0,NA,317,81.5,0,0
"22_3A_09","22_3A","22",783,94.375,0,0,NA,317,81.5,0,0
"22_3A_09","22_3A","22",784,94.5,0,0,NA,317,81.5,0,0
"22_3A_09","22_3A","22",785,94.625,0,0,NA,317,81.5,0,0
"22_3A_09","22_3A","22",786,94.75,0,0,NA,317,81.5,0,0
"22_3A_09","22_3A","22",787,94.875,0,0,NA,317,81.5,0,0
"22_3A_09","22_3A","22",788,95,0,0,NA,317,81.5,0,0
"22_3A_09","22_3A","22",789,95.125,0,0,NA,317,81.5,0,0
"22_3A_09","22_3A","22",790,95.25,0,0,NA,317,81.5,0,0
"22_3A_09","22_3A","22",791,95.375,0,0,NA,317,81.5,0,0
"22_3A_09","22_3A","22",792,95.5,0,0,NA,317,81.5,0,0
"22_3A_09","22_3A","22",793,95.625,0,0,NA,317,81.5,0,0
"22_3A_09","22_3A","22",794,95.75,0,0,NA,317,81.5,0,0
"22_3A_09","22_3A","22",795,95.875,0,0,NA,317,81.5,0,0
"22_3A_09","22_3A","22",796,96,0,0,NA,317,81.5,0,0
"22_3A_09","22_3A","22",797,96.125,0,0,NA,317,81.5,0,0
"22_3A_09","22_3A","22",798,96.25,0,0,NA,317,81.5,0,0
"22_3A_09","22_3A","22",799,96.375,0,0,NA,317,81.5,0,0
"22_3A_09","22_3A","22",800,96.5,0,0,NA,317,81.5,0,0
"22_3A_09","22_3A","22",801,96.625,0,0,NA,317,81.5,0,0
"22_3A_09","22_3A","22",802,96.75,0,0,NA,317,81.5,0,0
"22_3A_09","22_3A","22",803,96.875,0,0,NA,317,81.5,0,0
"22_3A_09","22_3A","22",804,97,0,0,NA,317,81.5,0,0
"22_3A_09","22_3A","22",805,97.125,0,0,NA,317,81.5,0,0
"22_3A_09","22_3A","22",806,97.25,0,0,NA,317,81.5,0,0
"22_3A_09","22_3A","22",807,97.375,0,0,NA,317,81.5,0,0
"22_3A_09","22_3A","22",808,97.5,0,0,NA,317,81.5,0,0
"22_3A_09","22_3A","22",809,97.625,0,0,NA,317,81.5,0,0
"22_3A_09","22_3A","22",810,97.75,0,0,NA,317,81.5,0,0
"22_3A_09","22_3A","22",811,97.875,0,0,NA,317,81.5,0,0
"22_3A_09","22_3A","22",812,98,0,0,NA,317,81.5,0,0
"22_3A_09","22_3A","22",813,98.125,0,0,NA,317,81.5,0,0
"22_3A_09","22_3A","22",814,98.25,0,0,NA,317,81.5,0,0
"22_3A_09","22_3A","22",815,98.375,0,0,NA,317,81.5,0,0
"22_3A_09","22_3A","22",816,98.5,0,0,NA,317,81.5,0,0
"22_3A_09","22_3A","22",817,98.625,0,0,NA,317,81.5,0,0
"22_3A_09","22_3A","22",818,98.75,0,0,NA,317,81.5,0,0
"22_3A_09","22_3A","22",819,98.875,0,0,NA,317,81.5,0,0
"22_3A_09","22_3A","22",820,99,0,0,NA,317,81.5,0,0
"22_3A_09","22_3A","22",821,99.125,0,0,NA,317,81.5,0,0
"22_3A_09","22_3A","22",822,99.25,0,0,NA,317,81.5,0,0
"22_3A_09","22_3A","22",823,99.375,0,0,NA,317,81.5,0,0
"22_3A_09","22_3A","22",824,99.5,0,0,NA,317,81.5,0,0
"22_3A_09","22_3A","22",825,99.625,0,0,NA,317,81.5,0,0
"22_3A_09","22_3A","22",826,99.75,0,0,NA,317,81.5,0,0
"22_3A_09","22_3A","22",827,99.875,0,0,NA,317,81.5,0,0
"22_3A_09","22_3A","22",828,100,0,0,NA,317,81.5,0,0
"22_3A_09","22_3A","22",829,100.125,0,0,NA,317,81.5,0,0
"22_3A_09","22_3A","22",830,100.25,0,0,NA,317,81.5,0,0
"22_3A_09","22_3A","22",831,100.375,0,0,NA,317,81.5,0,0
"22_3A_09","22_3A","22",832,100.5,0,0,NA,317,81.5,0,0
"22_3A_09","22_3A","22",833,100.625,0,0,NA,317,81.5,0,0
"22_3A_09","22_3A","22",834,100.75,0,0,NA,317,81.5,0,0
"22_3A_09","22_3A","22",835,100.875,0,0,NA,317,81.5,0,0
"22_3A_09","22_3A","22",836,101,0,0,NA,317,81.5,0,0
"22_3A_09","22_3A","22",837,101.125,0,0,NA,317,81.5,0,0
"22_3A_09","22_3A","22",838,101.25,0,0,NA,317,81.5,0,0
"22_3A_09","22_3A","22",839,101.375,0,0,NA,317,81.5,0,0
"22_3A_09","22_3A","22",840,101.5,0,0,NA,317,81.5,0,0
"22_3A_09","22_3A","22",841,101.625,0,0,NA,317,81.5,0,0
"22_3A_09","22_3A","22",842,101.75,0,0,NA,317,81.5,0,0
"22_3A_09","22_3A","22",843,101.875,0,0,NA,317,81.5,0,0
"22_3A_09","22_3A","22",844,102,0,0,NA,317,81.5,0,0
"22_3A_09","22_3A","22",845,102.125,0,0,NA,317,81.5,0,0
"22_3A_09","22_3A","22",846,102.25,0,0,NA,317,81.5,0,0
"22_3A_09","22_3A","22",847,102.375,0,0,NA,317,81.5,0,0
"22_3A_09","22_3A","22",848,102.5,0,0,NA,317,81.5,0,0
"22_3A_09","22_3A","22",849,102.625,0,0,NA,317,81.5,0,0
"22_3A_09","22_3A","22",850,102.75,0,0,NA,317,81.5,0,0
"22_3A_09","22_3A","22",851,102.875,0,0,NA,317,81.5,0,0
"22_3A_09","22_3A","22",852,103,0,0,NA,317,81.5,0,0
"22_3A_09","22_3A","22",853,103.125,0,0,NA,317,81.5,0,0
"22_3A_09","22_3A","22",854,103.25,0,0,NA,317,81.5,0,0
"22_3A_09","22_3A","22",855,103.375,0,0,NA,317,81.5,0,0
"22_3A_09","22_3A","22",856,103.5,0,0,NA,317,81.5,0,0
"22_3A_09","22_3A","22",857,103.625,0,0,NA,317,81.5,0,0
"22_3A_09","22_3A","22",858,103.75,0,0,NA,317,81.5,0,0
"22_3A_09","22_3A","22",859,103.875,0,0,NA,317,81.5,0,0
"22_3A_09","22_3A","22",860,104,0,0,NA,317,81.5,0,0
"22_3A_09","22_3A","22",861,104.125,0,0,NA,317,81.5,0,0
"22_3A_09","22_3A","22",862,104.25,0,0,NA,317,81.5,0,0
"22_3A_09","22_3A","22",863,104.375,0,0,NA,317,81.5,0,0
"22_3A_09","22_3A","22",864,104.5,0,0,NA,317,81.5,0,0
"22_3A_09","22_3A","22",865,104.625,0,0,NA,317,81.5,0,0
"22_3A_09","22_3A","22",866,104.75,0,0,NA,317,81.5,0,0
"22_3A_09","22_3A","22",867,104.875,0,0,NA,317,81.5,0,0
"22_3A_09","22_3A","22",868,105,0,0,NA,317,81.5,0,0
"22_3A_09","22_3A","22",869,105.125,0,0,NA,317,81.5,0,0
"22_3A_09","22_3A","22",870,105.25,0,0,NA,317,81.5,0,0
"22_3A_09","22_3A","22",871,105.375,0,0,NA,317,81.5,0,0
"22_3A_09","22_3A","22",872,105.5,0,0,NA,317,81.5,0,0
"22_3A_09","22_3A","22",873,105.625,0,0,NA,317,81.5,0,0
"22_3A_09","22_3A","22",874,105.75,0,0,NA,317,81.5,0,0
"22_3A_09","22_3A","22",875,105.875,0,0,NA,317,81.5,0,0
"22_3A_09","22_3A","22",876,106,0,0,NA,317,81.5,0,0
"22_3A_09","22_3A","22",877,106.125,0,0,NA,317,81.5,0,0
"22_3A_09","22_3A","22",878,106.25,0,0,NA,317,81.5,0,0
"22_3A_09","22_3A","22",879,106.375,0,0,NA,317,81.5,0,0
"22_3A_09","22_3A","22",880,106.5,0,0,NA,317,81.5,0,0
"22_3A_09","22_3A","22",881,106.625,0,0,NA,317,81.5,0,0
"22_3A_09","22_3A","22",882,106.75,0,0,NA,317,81.5,0,0
"22_3A_09","22_3A","22",883,106.875,0,0,NA,317,81.5,0,0
"22_3A_09","22_3A","22",884,107,0,0,NA,317,81.5,0,0
"22_3A_09","22_3A","22",885,107.125,0,0,NA,317,81.5,0,0
"22_3A_09","22_3A","22",886,107.25,0,0,NA,317,81.5,0,0
"22_3A_09","22_3A","22",887,107.375,0,0,NA,317,81.5,0,0
"22_3A_09","22_3A","22",888,107.5,0,0,NA,317,81.5,0,0
"22_3A_09","22_3A","22",889,107.625,0,0,NA,317,81.5,0,0
"22_3A_09","22_3A","22",890,107.75,0,0,NA,317,81.5,0,0
"22_3A_09","22_3A","22",891,107.875,0,0,NA,317,81.5,0,0
"22_3A_09","22_3A","22",892,108,0,0,NA,317,81.5,0,0
"22_3A_09","22_3A","22",893,108.125,0,0,NA,317,81.5,0,0
"22_3A_09","22_3A","22",894,108.25,0,0,NA,317,81.5,0,0
"22_3A_09","22_3A","22",895,108.375,0,0,NA,317,81.5,0,0
"22_3A_09","22_3A","22",896,108.5,0,0,NA,317,81.5,0,0
"22_3A_09","22_3A","22",897,108.625,0,0,NA,317,81.5,0,0
"22_3A_09","22_3A","22",898,108.75,0,0,NA,317,81.5,0,0
"22_3A_09","22_3A","22",899,108.875,0,0,NA,317,81.5,0,0
"22_3A_09","22_3A","22",900,109,0,0,NA,317,81.5,0,0
"22_3A_09","22_3A","22",901,109.125,0,0,NA,317,81.5,0,0
"22_3A_09","22_3A","22",902,109.25,0,0,NA,317,81.5,0,0
"22_3A_09","22_3A","22",903,109.375,0,0,NA,317,81.5,0,0
"22_3A_09","22_3A","22",904,109.5,0,0,NA,317,81.5,0,0
"22_3A_09","22_3A","22",905,109.625,0,0,NA,317,81.5,0,0
"22_3A_09","22_3A","22",906,109.75,0,0,NA,317,81.5,0,0
"22_3A_09","22_3A","22",907,109.875,0,0,NA,317,81.5,0,0
"22_3A_09","22_3A","22",908,110,0,0,NA,317,81.5,0,0
"22_3A_09","22_3A","22",909,110.125,0,0,NA,317,81.5,0,0
"22_3A_09","22_3A","22",910,110.25,0,0,NA,317,81.5,0,0
"22_3A_09","22_3A","22",911,110.375,0,0,NA,317,81.5,0,0
"22_3A_09","22_3A","22",912,110.5,0,0,NA,317,81.5,0,0
"22_3A_09","22_3A","22",913,110.625,0,0,NA,317,81.5,0,0
"22_3A_09","22_3A","22",914,110.75,0,0,NA,317,81.5,0,0
"22_3A_09","22_3A","22",915,110.875,0,0,NA,317,81.5,0,0
"22_3A_09","22_3A","22",916,111,0,0,NA,317,81.5,0,0
"22_3A_09","22_3A","22",917,111.125,0,0,NA,317,81.5,0,0
"22_3A_09","22_3A","22",918,111.25,0,0,NA,317,81.5,0,0
"22_3A_09","22_3A","22",919,111.375,0,0,NA,317,81.5,0,0
"22_3A_09","22_3A","22",920,111.5,0,0,NA,317,81.5,0,0
"22_3A_09","22_3A","22",921,111.625,0,0,NA,317,81.5,0,0
"22_3A_09","22_3A","22",922,111.75,0,0,NA,317,81.5,0,0
"22_3A_09","22_3A","22",923,111.875,0,0,NA,317,81.5,0,0
"22_3A_09","22_3A","22",924,112,0,0,NA,317,81.5,0,0
"22_3A_09","22_3A","22",925,112.125,0,0,NA,317,81.5,0,0
"22_3A_09","22_3A","22",926,112.25,0,0,NA,317,81.5,0,0
"22_3A_09","22_3A","22",927,112.375,0,0,NA,317,81.5,0,0
"22_3A_09","22_3A","22",928,112.5,0,0,NA,317,81.5,0,0
"22_3A_09","22_3A","22",929,112.625,0,0,NA,317,81.5,0,0
"22_3A_09","22_3A","22",930,112.75,0,0,NA,317,81.5,0,0
"22_3A_09","22_3A","22",931,112.875,0,0,NA,317,81.5,0,0
"22_3A_09","22_3A","22",932,113,0,0,NA,317,81.5,0,0
"22_3A_09","22_3A","22",933,113.125,0,0,NA,317,81.5,0,0
"22_3A_09","22_3A","22",934,113.25,0,0,NA,317,81.5,0,0
"22_3A_09","22_3A","22",935,113.375,0,0,NA,317,81.5,0,0
"22_3A_09","22_3A","22",936,113.5,0,0,NA,317,81.5,0,0
"22_3A_09","22_3A","22",937,113.625,0,0,NA,317,81.5,0,0
"22_3A_09","22_3A","22",938,113.75,0,0,NA,317,81.5,0,0
"22_3A_09","22_3A","22",939,113.875,0,0,NA,317,81.5,0,0
"22_3A_09","22_3A","22",940,114,0,0,NA,317,81.5,0,0
"22_3A_09","22_3A","22",941,114.125,0,0,NA,317,81.5,0,0
"22_3A_09","22_3A","22",942,114.25,0,0,NA,317,81.5,0,0
"22_3A_09","22_3A","22",943,114.375,0,0,NA,317,81.5,0,0
"22_3A_09","22_3A","22",944,114.5,0,0,NA,317,81.5,0,0
"22_3A_09","22_3A","22",945,114.625,0,0,NA,317,81.5,0,0
"22_3A_09","22_3A","22",946,114.75,0,0,NA,317,81.5,0,0
"22_3A_09","22_3A","22",947,114.875,0,0,NA,317,81.5,0,0
"22_3A_09","22_3A","22",948,115,0,0,NA,317,81.5,0,0
"22_3A_09","22_3A","22",949,115.125,0,0,NA,317,81.5,0,0
"22_3A_09","22_3A","22",950,115.25,0,0,NA,317,81.5,0,0
"22_3A_09","22_3A","22",951,115.375,0,0,NA,317,81.5,0,0
"22_3A_09","22_3A","22",952,115.5,0,0,NA,317,81.5,0,0
"22_3A_09","22_3A","22",953,115.625,0,0,NA,317,81.5,0,0
"22_3A_09","22_3A","22",954,115.75,0,0,NA,317,81.5,0,0
"22_3A_09","22_3A","22",955,115.875,0,0,NA,317,81.5,0,0
"22_3A_09","22_3A","22",956,116,0,0,NA,317,81.5,0,0
"22_3A_09","22_3A","22",957,116.125,0,0,NA,317,81.5,0,0
"22_3A_09","22_3A","22",958,116.25,0,0,NA,317,81.5,0,0
"22_3A_09","22_3A","22",959,116.375,0,0,NA,317,81.5,0,0
"22_3A_09","22_3A","22",960,116.5,0,0,NA,317,81.5,0,0
"22_3A_09","22_3A","22",961,116.625,0,0,NA,317,81.5,0,0
"22_3A_09","22_3A","22",962,116.75,0,0,NA,317,81.5,0,0
"22_3A_09","22_3A","22",963,116.875,0,0,NA,317,81.5,0,0
"22_3A_09","22_3A","22",964,117,0,0,NA,317,81.5,0,0
"22_3A_09","22_3A","22",965,117.125,0,0,NA,317,81.5,0,0
"22_3A_09","22_3A","22",966,117.25,0,0,NA,317,81.5,0,0
"22_3A_09","22_3A","22",967,117.375,0,0,NA,317,81.5,0,0
"22_3A_09","22_3A","22",968,117.5,0,0,NA,317,81.5,0,0
"22_3A_09","22_3A","22",969,117.625,0,0,NA,317,81.5,0,0
"22_3A_09","22_3A","22",970,117.75,0,0,NA,317,81.5,0,0
"22_3A_09","22_3A","22",971,117.875,0,0,NA,317,81.5,0,0
"22_3A_09","22_3A","22",972,118,0,0,NA,317,81.5,0,0
"22_3A_09","22_3A","22",973,118.125,0,0,NA,317,81.5,0,0
"22_3A_09","22_3A","22",974,118.25,0,0,NA,317,81.5,0,0
"22_3A_09","22_3A","22",975,118.375,0,0,NA,317,81.5,0,0
"22_3A_09","22_3A","22",976,118.5,0,0,NA,317,81.5,0,0
"22_3A_09","22_3A","22",977,118.625,0,0,NA,317,81.5,0,0
"22_3A_09","22_3A","22",978,118.75,0,0,NA,317,81.5,0,0
"22_3A_09","22_3A","22",979,118.875,0,0,NA,317,81.5,0,0
"22_3A_09","22_3A","22",980,119,0,0,NA,317,81.5,0,0
"22_3A_09","22_3A","22",981,119.125,0,0,NA,317,81.5,0,0
"22_3A_09","22_3A","22",982,119.25,0,0,NA,317,81.5,0,0
"22_3A_09","22_3A","22",983,119.375,0,0,NA,317,81.5,0,0
"22_3A_09","22_3A","22",984,119.5,0,0,NA,317,81.5,0,0
"22_3A_09","22_3A","22",985,119.625,0,0,NA,317,81.5,0,0
"22_3A_09","22_3A","22",986,119.75,0,0,NA,317,81.5,0,0
"22_3A_09","22_3A","22",987,119.875,0,0,NA,317,81.5,0,0
"22_3A_09","22_3A","22",988,120,0,0,NA,317,81.5,0,0
"22_3A_09","22_3A","22",989,120.125,0,0,NA,317,81.5,0,0
"22_3A_09","22_3A","22",990,120.25,0,0,NA,317,81.5,0,0
"22_3A_09","22_3A","22",991,120.375,0,0,NA,317,81.5,0,0
"22_3A_09","22_3A","22",992,120.5,0,0,NA,317,81.5,0,0
"22_3A_09","22_3A","22",993,120.625,0,0,NA,317,81.5,0,0
"22_3A_09","22_3A","22",994,120.75,0,0,NA,317,81.5,0,0
"22_3A_09","22_3A","22",995,120.875,0,0,NA,317,81.5,0,0
"22_3A_09","22_3A","22",996,121,0,0,NA,317,81.5,0,0
"22_3A_09","22_3A","22",997,121.125,0,0,NA,317,81.5,0,0
"22_3A_09","22_3A","22",998,121.25,0,0,NA,317,81.5,0,0
"22_3A_09","22_3A","22",999,121.375,0,0,NA,317,81.5,0,0
"22_3A_09","22_3A","22",1000,121.5,0,0,NA,317,81.5,0,0
"22_3A_09","22_3A","22",1001,121.625,0,0,NA,317,81.5,0,0
"22_3A_09","22_3A","22",1002,121.75,0,0,NA,317,81.5,0,NA
