"fname","cop_name","plate","frame","sec","drop","blobs","blob_size","x","y","distance","dot_product"
"36_1C_13","36_1C","36",0,-1.25,0,0,NA,67.5,325.28,NA,NA
"36_1C_13","36_1C","36",1,-1.125,0,0,NA,67.5,325.28,0,0
"36_1C_13","36_1C","36",2,-1,0,0,NA,67.5,325.28,0,0
"36_1C_13","36_1C","36",3,-0.875,0,0,NA,67.5,325.28,0,0
"36_1C_13","36_1C","36",4,-0.75,0,0,NA,67.5,325.28,0,0
"36_1C_13","36_1C","36",5,-0.625,0,0,NA,67.5,325.28,0,0
"36_1C_13","36_1C","36",6,-0.5,0,0,NA,67.5,325.28,0,0
"36_1C_13","36_1C","36",7,-0.375,0,0,NA,67.5,325.28,0,0
"36_1C_13","36_1C","36",8,-0.25,0,0,NA,67.5,325.28,0,0
"36_1C_13","36_1C","36",9,-0.125,0,0,NA,67.5,325.28,0,0
"36_1C_13","36_1C","36",10,0,0,0,NA,67.5,325.28,0,0
"36_1C_13","36_1C","36",11,0.125,0,0,NA,67.5,325.28,0,0
"36_1C_13","36_1C","36",12,0.25,0,0,NA,67.5,325.28,0,0
"36_1C_13","36_1C","36",13,0.375,0,0,NA,67.5,325.28,0,0
"36_1C_13","36_1C","36",14,0.5,0,0,NA,67.5,325.28,0,0
"36_1C_13","36_1C","36",15,0.625,0,0,NA,67.5,325.28,0,0
"36_1C_13","36_1C","36",16,0.75,0,0,NA,67.5,325.28,0,0
"36_1C_13","36_1C","36",17,0.875,0,0,NA,67.5,325.28,0,0
"36_1C_13","36_1C","36",18,1,0,0,NA,67.5,325.28,0,0
"36_1C_13","36_1C","36",19,1.125,0,0,NA,67.5,325.28,0,0
"36_1C_13","36_1C","36",20,1.25,0,0,NA,67.5,325.28,0,0
"36_1C_13","36_1C","36",21,1.375,0,0,NA,67.5,325.28,0,0
"36_1C_13","36_1C","36",22,1.5,0,0,NA,67.5,325.28,0,0
"36_1C_13","36_1C","36",23,1.625,0,0,NA,67.5,325.28,0,0
"36_1C_13","36_1C","36",24,1.75,0,1,3.57600021362305,67.5,325.28,0,0
"36_1C_13","36_1C","36",25,1.875,0,0,NA,67.5,325.28,0,0
"36_1C_13","36_1C","36",26,2,0,1,3.61316752433777,66.78,325.37,0.725603197346872,0
"36_1C_13","36_1C","36",27,2.125,0,0,NA,66.78,325.37,0,0
"36_1C_13","36_1C","36",28,2.25,0,0,NA,66.78,325.37,0,0
"36_1C_13","36_1C","36",29,2.375,0,0,NA,66.78,325.37,0,0
"36_1C_13","36_1C","36",30,2.5,0,0,NA,66.78,325.37,0,0
"36_1C_13","36_1C","36",31,2.625,0,0,NA,66.78,325.37,0,0
"36_1C_13","36_1C","36",32,2.75,0,0,NA,66.78,325.37,0,0
"36_1C_13","36_1C","36",33,2.875,0,0,NA,66.78,325.37,0,0
"36_1C_13","36_1C","36",34,3,0,0,NA,66.78,325.37,0,0
"36_1C_13","36_1C","36",35,3.125,0,0,NA,66.78,325.37,0,0
"36_1C_13","36_1C","36",36,3.25,0,0,NA,66.78,325.37,0,0
"36_1C_13","36_1C","36",37,3.375,0,0,NA,66.78,325.37,0,0
"36_1C_13","36_1C","36",38,3.5,0,0,NA,66.78,325.37,0,0
"36_1C_13","36_1C","36",39,3.625,0,0,NA,66.78,325.37,0,0
"36_1C_13","36_1C","36",40,3.75,0,0,NA,66.78,325.37,0,0
"36_1C_13","36_1C","36",41,3.875,0,0,NA,66.78,325.37,0,0
"36_1C_13","36_1C","36",42,4,0,0,NA,66.78,325.37,0,0
"36_1C_13","36_1C","36",43,4.125,0,0,NA,66.78,325.37,0,0
"36_1C_13","36_1C","36",44,4.25,0,0,NA,66.78,325.37,0,0
"36_1C_13","36_1C","36",45,4.375,0,0,NA,66.78,325.37,0,0
"36_1C_13","36_1C","36",46,4.5,0,0,NA,66.78,325.37,0,0
"36_1C_13","36_1C","36",47,4.625,0,0,NA,66.78,325.37,0,0
"36_1C_13","36_1C","36",48,4.75,0,0,NA,66.78,325.37,0,0
"36_1C_13","36_1C","36",49,4.875,0,0,NA,66.78,325.37,0,0
"36_1C_13","36_1C","36",50,5,0,0,NA,66.78,325.37,0,0
"36_1C_13","36_1C","36",51,5.125,0,0,NA,66.78,325.37,0,0
"36_1C_13","36_1C","36",52,5.25,0,0,NA,66.78,325.37,0,0
"36_1C_13","36_1C","36",53,5.375,0,0,NA,66.78,325.37,0,0
"36_1C_13","36_1C","36",54,5.5,0,0,NA,66.78,325.37,0,0
"36_1C_13","36_1C","36",55,5.625,0,0,NA,66.78,325.37,0,0
"36_1C_13","36_1C","36",56,5.75,0,0,NA,66.78,325.37,0,0
"36_1C_13","36_1C","36",57,5.875,0,0,NA,66.78,325.37,0,0
"36_1C_13","36_1C","36",58,6,0,0,NA,66.78,325.37,0,0
"36_1C_13","36_1C","36",59,6.125,0,0,NA,66.78,325.37,0,0
"36_1C_13","36_1C","36",60,6.25,0,1,3.79621624946594,59.28,331.41,9.6297248143444,0
"36_1C_13","36_1C","36",61,6.375,0,0,NA,59.28,331.41,0,0
"36_1C_13","36_1C","36",62,6.5,0,1,3.9712381362915,56.67,334,3.67698245848411,2.31550000000001
"36_1C_13","36_1C","36",63,6.625,0,1,3.72725701332092,56.15,334.37,0.638200595424359,-0.237400000000014
"36_1C_13","36_1C","36",64,6.75,0,1,3.86455106735229,56.45,334.15,0.372021504754785,-0.134000000000017
"36_1C_13","36_1C","36",65,6.875,0,1,4.82333755493164,56.26,334.5,0.39824615503482,0
"36_1C_13","36_1C","36",66,7,0,0,NA,56.26,334.5,0,0
"36_1C_13","36_1C","36",67,7.125,0,0,NA,56.26,334.5,0,0
"36_1C_13","36_1C","36",68,7.25,0,1,3.61316752433777,56.37,334.78,0.300832179129801,0
"36_1C_13","36_1C","36",69,7.375,0,0,NA,56.37,334.78,0,0
"36_1C_13","36_1C","36",70,7.5,0,0,NA,56.37,334.78,0,0
"36_1C_13","36_1C","36",71,7.625,0,1,3.61316752433777,53.63,340.22,6.09107543870543,10.0593999999999
"36_1C_13","36_1C","36",72,7.75,0,1,3.16227769851685,52.5,341.5,1.70742496174793,-0.565000000000001
"36_1C_13","36_1C","36",73,7.875,0,1,3.60555124282837,53,341.5,0.5,-0.25
"36_1C_13","36_1C","36",74,8,0,1,3.16227769851685,52.5,341.5,0.5,-0.25
"36_1C_13","36_1C","36",75,8.125,0,1,3.60555124282837,53,341.5,0.5,0.0749999999999993
"36_1C_13","36_1C","36",76,8.25,0,1,4.30334234237671,53.15,341.85,0.380788655293216,-0.220000000000015
"36_1C_13","36_1C","36",77,8.375,0,1,3.16227769851685,52.5,341.5,0.73824115301168,-0.466499999999997
"36_1C_13","36_1C","36",78,8.5,0,1,4.00222158432007,53.25,341.44,0.752396172239067,-0.1911
"36_1C_13","36_1C","36",79,8.625,0,1,3.60555124282837,53,341.5,0.257099202643649,0.430000000000007
"36_1C_13","36_1C","36",80,8.75,0,1,3.60555124282837,52,344.5,3.16227766016838,0
"36_1C_13","36_1C","36",81,8.875,0,0,NA,52,344.5,0,0
"36_1C_13","36_1C","36",82,9,0,0,NA,52,344.5,0,0
"36_1C_13","36_1C","36",83,9.125,0,1,3.60555124282837,50.5,350,5.70087712549569,-0.565000000000136
"36_1C_13","36_1C","36",84,9.25,0,1,3.94565057754517,50.29,349.84,0.264007575648898,-0.0340000000000079
"36_1C_13","36_1C","36",85,9.375,0,1,3.9712381362915,50.33,350,0.16492422502473,0.0472000000000098
"36_1C_13","36_1C","36",86,9.5,0,1,3.61316752433777,50.63,350.22,0.372021504754785,-0.180400000000015
"36_1C_13","36_1C","36",87,9.625,0,1,3.10949110984802,50.19,350,0.49193495504997,-0.0418000000000047
"36_1C_13","36_1C","36",88,9.75,0,1,3.63458633422852,50.19,350.19,0.189999999999998,-0.0721999999999983
"36_1C_13","36_1C","36",89,9.875,0,1,3.63458633422852,50.19,349.81,0.379999999999995,0
"36_1C_13","36_1C","36",90,10,0,0,NA,50.19,349.81,0,0
"36_1C_13","36_1C","36",91,10.125,0,0,NA,50.19,349.81,0,0
"36_1C_13","36_1C","36",92,10.25,0,1,3.9712381362915,50.67,350,0.516236379965615,-0.278099999999999
"36_1C_13","36_1C","36",93,10.375,0,1,4.30334234237671,50.15,349.85,0.541202365109389,-0.29459999999999
"36_1C_13","36_1C","36",94,10.5,0,1,3.72725701332092,50.63,350.15,0.566038867923376,0
"36_1C_13","36_1C","36",95,10.625,0,0,NA,50.63,350.15,0,0
"36_1C_13","36_1C","36",96,10.75,0,1,3.61316752433777,49.37,356.78,6.7486665349534,0
"36_1C_13","36_1C","36",97,10.875,0,1,3.61316752433777,49.37,356.78,0,0
"36_1C_13","36_1C","36",98,11,0,1,3.61316752433777,49.37,356.78,0,0
"36_1C_13","36_1C","36",99,11.125,0,1,3.61316752433777,49.37,356.78,0,0
"36_1C_13","36_1C","36",100,11.25,0,0,NA,49.37,356.78,0,0
"36_1C_13","36_1C","36",101,11.375,0,1,3.61316752433777,49.37,356.78,0,0
"36_1C_13","36_1C","36",102,11.5,0,1,3.57600021362305,49.28,356.5,0.294108823397028,0
"36_1C_13","36_1C","36",103,11.625,0,0,NA,49.28,356.5,0,0
"36_1C_13","36_1C","36",104,11.75,0,0,NA,49.28,356.5,0,0
"36_1C_13","36_1C","36",105,11.875,0,0,NA,49.28,356.5,0,0
"36_1C_13","36_1C","36",106,12,0,0,NA,49.28,356.5,0,0
"36_1C_13","36_1C","36",107,12.125,0,0,NA,49.28,356.5,0,0
"36_1C_13","36_1C","36",108,12.25,0,0,NA,49.28,356.5,0,0
"36_1C_13","36_1C","36",109,12.375,0,0,NA,49.28,356.5,0,0
"36_1C_13","36_1C","36",110,12.5,0,0,NA,49.28,356.5,0,0
"36_1C_13","36_1C","36",111,12.625,0,0,NA,49.28,356.5,0,0
"36_1C_13","36_1C","36",112,12.75,0,0,NA,49.28,356.5,0,0
"36_1C_13","36_1C","36",113,12.875,0,0,NA,49.28,356.5,0,0
"36_1C_13","36_1C","36",114,13,0,0,NA,49.28,356.5,0,0
"36_1C_13","36_1C","36",115,13.125,0,0,NA,49.28,356.5,0,0
"36_1C_13","36_1C","36",116,13.25,0,0,NA,49.28,356.5,0,0
"36_1C_13","36_1C","36",117,13.375,0,0,NA,49.28,356.5,0,0
"36_1C_13","36_1C","36",118,13.5,0,0,NA,49.28,356.5,0,0
"36_1C_13","36_1C","36",119,13.625,0,0,NA,49.28,356.5,0,0
"36_1C_13","36_1C","36",120,13.75,0,0,NA,49.28,356.5,0,0
"36_1C_13","36_1C","36",121,13.875,0,0,NA,49.28,356.5,0,0
"36_1C_13","36_1C","36",122,14,0,0,NA,49.28,356.5,0,0
"36_1C_13","36_1C","36",123,14.125,0,0,NA,49.28,356.5,0,0
"36_1C_13","36_1C","36",124,14.25,0,0,NA,49.28,356.5,0,0
"36_1C_13","36_1C","36",125,14.375,0,0,NA,49.28,356.5,0,0
"36_1C_13","36_1C","36",126,14.5,0,0,NA,49.28,356.5,0,0
"36_1C_13","36_1C","36",127,14.625,0,0,NA,49.28,356.5,0,0
"36_1C_13","36_1C","36",128,14.75,0,0,NA,49.28,356.5,0,0
"36_1C_13","36_1C","36",129,14.875,0,0,NA,49.28,356.5,0,0
"36_1C_13","36_1C","36",130,15,0,0,NA,49.28,356.5,0,0
"36_1C_13","36_1C","36",131,15.125,0,0,NA,49.28,356.5,0,0
"36_1C_13","36_1C","36",132,15.25,0,0,NA,49.28,356.5,0,0
"36_1C_13","36_1C","36",133,15.375,0,0,NA,49.28,356.5,0,0
"36_1C_13","36_1C","36",134,15.5,0,0,NA,49.28,356.5,0,0
"36_1C_13","36_1C","36",135,15.625,0,0,NA,49.28,356.5,0,0
"36_1C_13","36_1C","36",136,15.75,0,0,NA,49.28,356.5,0,0
"36_1C_13","36_1C","36",137,15.875,0,0,NA,49.28,356.5,0,0
"36_1C_13","36_1C","36",138,16,0,0,NA,49.28,356.5,0,0
"36_1C_13","36_1C","36",139,16.125,0,0,NA,49.28,356.5,0,0
"36_1C_13","36_1C","36",140,16.25,0,0,NA,49.28,356.5,0,0
"36_1C_13","36_1C","36",141,16.375,0,0,NA,49.28,356.5,0,0
"36_1C_13","36_1C","36",142,16.5,0,0,NA,49.28,356.5,0,0
"36_1C_13","36_1C","36",143,16.625,0,0,NA,49.28,356.5,0,0
"36_1C_13","36_1C","36",144,16.75,0,0,NA,49.28,356.5,0,0
"36_1C_13","36_1C","36",145,16.875,0,0,NA,49.28,356.5,0,0
"36_1C_13","36_1C","36",146,17,0,0,NA,49.28,356.5,0,0
"36_1C_13","36_1C","36",147,17.125,0,0,NA,49.28,356.5,0,0
"36_1C_13","36_1C","36",148,17.25,0,0,NA,49.28,356.5,0,0
"36_1C_13","36_1C","36",149,17.375,0,0,NA,49.28,356.5,0,0
"36_1C_13","36_1C","36",150,17.5,0,0,NA,49.28,356.5,0,0
"36_1C_13","36_1C","36",151,17.625,0,0,NA,49.28,356.5,0,0
"36_1C_13","36_1C","36",152,17.75,0,0,NA,49.28,356.5,0,0
"36_1C_13","36_1C","36",153,17.875,0,0,NA,49.28,356.5,0,0
"36_1C_13","36_1C","36",154,18,0,0,NA,49.28,356.5,0,0
"36_1C_13","36_1C","36",155,18.125,0,0,NA,49.28,356.5,0,0
"36_1C_13","36_1C","36",156,18.25,0,0,NA,49.28,356.5,0,0
"36_1C_13","36_1C","36",157,18.375,0,0,NA,49.28,356.5,0,0
"36_1C_13","36_1C","36",158,18.5,0,1,3.83653593063354,49.86,362.45,5.97820207085708,32.1516999999999
"36_1C_13","36_1C","36",159,18.625,0,1,4.34192895889282,50,367.84,5.39181787526247,0
"36_1C_13","36_1C","36",160,18.75,0,0,NA,50,367.84,0,0
"36_1C_13","36_1C","36",161,18.875,0,1,3.57600021362305,51.28,374.5,6.78188764283222,-1.74959999999983
"36_1C_13","36_1C","36",162,19,0,1,3.61316752433777,51.37,374.22,0.294108823397028,0.173799999999988
"36_1C_13","36_1C","36",163,19.125,0,1,4.30334234237671,52.15,373.85,0.863307592923869,0
"36_1C_13","36_1C","36",164,19.25,0,0,NA,52.15,373.85,0,0
"36_1C_13","36_1C","36",165,19.375,0,1,4.30334234237671,51.85,374.15,0.424264068711894,0.686999999999835
"36_1C_13","36_1C","36",166,19.5,0,1,3.61316752433777,53.63,378.22,4.44221791451077,0
"36_1C_13","36_1C","36",167,19.625,0,0,NA,53.63,378.22,0,0
"36_1C_13","36_1C","36",168,19.75,0,1,3.60555124282837,56.5,385,7.3624248722822,0
"36_1C_13","36_1C","36",169,19.875,0,0,NA,56.5,385,0,0
"36_1C_13","36_1C","36",170,20,0,1,3.41421365737915,60,389,5.31507290636732,4.41499999999988
"36_1C_13","36_1C","36",171,20.125,0,1,3.61316752433777,60.37,389.78,0.863307592923841,-0.745299999999956
"36_1C_13","36_1C","36",172,20.25,0,1,4,60,389,0.863307592923841,0
"36_1C_13","36_1C","36",173,20.375,0,0,NA,60,389,0,0
"36_1C_13","36_1C","36",174,20.5,0,1,3.57600021362305,60.28,389.5,0.573061951275777,0
"36_1C_13","36_1C","36",175,20.625,0,1,3.57600021362305,60.28,389.5,0,0
"36_1C_13","36_1C","36",176,20.75,0,1,3.57600021362305,60.28,389.5,0,0
"36_1C_13","36_1C","36",177,20.875,0,1,3.61316752433777,60.63,389.78,0.448218696620283,-0.235899999999984
"36_1C_13","36_1C","36",178,21,0,1,3.83653593063354,60.14,389.55,0.54129474410896,0.0801000000000012
"36_1C_13","36_1C","36",179,21.125,0,1,3.60555124282837,60,389.5,0.148660687473189,0
"36_1C_13","36_1C","36",180,21.25,0,0,NA,60,389.5,0,0
"36_1C_13","36_1C","36",181,21.375,0,1,3.41421365737915,60,390,0.5,-0.224999999999994
"36_1C_13","36_1C","36",182,21.5,0,1,3.83653593063354,60.14,389.55,0.471274866717916,-0.22209999999999
"36_1C_13","36_1C","36",183,21.625,0,1,3.41421365737915,60,390,0.471274866717916,-0.0265999999999998
"36_1C_13","36_1C","36",184,21.75,0,1,3.10949110984802,60.19,390,0.189999999999998,0
"36_1C_13","36_1C","36",185,21.875,0,0,NA,60.19,390,0,0
"36_1C_13","36_1C","36",186,22,0,0,NA,60.19,390,0,0
"36_1C_13","36_1C","36",187,22.125,0,0,NA,60.19,390,0,0
"36_1C_13","36_1C","36",188,22.25,0,0,NA,60.19,390,0,0
"36_1C_13","36_1C","36",189,22.375,0,0,NA,60.19,390,0,0
"36_1C_13","36_1C","36",190,22.5,0,1,3.10949110984802,70,395.19,11.0982971666828,-0.567600000000176
"36_1C_13","36_1C","36",191,22.625,0,1,3.61316752433777,69.63,395.78,0.696419413859187,0
"36_1C_13","36_1C","36",192,22.75,0,0,NA,69.63,395.78,0,0
"36_1C_13","36_1C","36",193,22.875,0,0,NA,69.63,395.78,0,0
"36_1C_13","36_1C","36",194,23,0,0,NA,69.63,395.78,0,0
"36_1C_13","36_1C","36",195,23.125,0,0,NA,69.63,395.78,0,0
"36_1C_13","36_1C","36",196,23.25,0,0,NA,69.63,395.78,0,0
"36_1C_13","36_1C","36",197,23.375,0,0,NA,69.63,395.78,0,0
"36_1C_13","36_1C","36",198,23.5,0,0,NA,69.63,395.78,0,0
"36_1C_13","36_1C","36",199,23.625,0,0,NA,69.63,395.78,0,0
"36_1C_13","36_1C","36",200,23.75,0,1,3.79621624946594,69.59,395.72,0.07211102550923,0
"36_1C_13","36_1C","36",201,23.875,0,0,NA,69.59,395.72,0,0
"36_1C_13","36_1C","36",202,24,0,1,3.61316752433777,69.63,395.78,0.07211102550923,0
"36_1C_13","36_1C","36",203,24.125,0,0,NA,69.63,395.78,0,0
"36_1C_13","36_1C","36",204,24.25,0,0,NA,69.63,395.78,0,0
"36_1C_13","36_1C","36",205,24.375,0,0,NA,69.63,395.78,0,0
"36_1C_13","36_1C","36",206,24.5,0,0,NA,69.63,395.78,0,0
"36_1C_13","36_1C","36",207,24.625,0,0,NA,69.63,395.78,0,0
"36_1C_13","36_1C","36",208,24.75,0,0,NA,69.63,395.78,0,0
"36_1C_13","36_1C","36",209,24.875,0,0,NA,69.63,395.78,0,0
"36_1C_13","36_1C","36",210,25,0,0,NA,69.63,395.78,0,0
"36_1C_13","36_1C","36",211,25.125,0,0,NA,69.63,395.78,0,0
"36_1C_13","36_1C","36",212,25.25,0,0,NA,69.63,395.78,0,0
"36_1C_13","36_1C","36",213,25.375,0,0,NA,69.63,395.78,0,0
"36_1C_13","36_1C","36",214,25.5,0,1,3.60555124282837,69.63,395.78,0,0
"36_1C_13","36_1C","36",215,25.625,0,1,3.30277562141418,69.5,396,0.255538646783634,0
"36_1C_13","36_1C","36",216,25.75,0,0,NA,69.5,396,0,0
"36_1C_13","36_1C","36",217,25.875,0,0,NA,69.5,396,0,0
"36_1C_13","36_1C","36",218,26,0,0,NA,69.5,396,0,0
"36_1C_13","36_1C","36",219,26.125,0,0,NA,69.5,396,0,0
"36_1C_13","36_1C","36",220,26.25,0,0,NA,69.5,396,0,0
"36_1C_13","36_1C","36",221,26.375,0,0,NA,69.5,396,0,0
"36_1C_13","36_1C","36",222,26.5,0,1,3.61316752433777,69.63,395.78,0.255538646783634,0
"36_1C_13","36_1C","36",223,26.625,0,0,NA,69.63,395.78,0,0
"36_1C_13","36_1C","36",224,26.75,0,1,3.10949110984802,78.81,401,10.5603409035883,-1.28520000000001
"36_1C_13","36_1C","36",225,26.875,0,1,3.9712381362915,78.67,401,0.140000000000001,0.0476000000000007
"36_1C_13","36_1C","36",226,27,0,1,3.9712381362915,78.33,401,0.340000000000003,-0.278800000000005
"36_1C_13","36_1C","36",227,27.125,0,1,4.30334234237671,79.15,401.15,0.8336066218547,-0.480500000000014
"36_1C_13","36_1C","36",228,27.25,0,1,3.16227769851685,78.5,401.5,0.738241153011686,-0.0645000000000093
"36_1C_13","36_1C","36",229,27.375,0,1,3.9712381362915,78.33,401,0.528109837060436,-0.1766
"36_1C_13","36_1C","36",230,27.5,0,1,3.63458633422852,78.81,401.19,0.516236379965615,-0.134300000000006
"36_1C_13","36_1C","36",231,27.625,0,1,3.83653593063354,78.55,401.14,0.264764045897482,-0.0701000000000038
"36_1C_13","36_1C","36",232,27.75,0,1,3.63458633422852,78.81,401.19,0.264764045897482,-0.132500000000004
"36_1C_13","36_1C","36",233,27.875,0,1,4.3159761428833,78.31,401.14,0.502493781056046,-0.172999999999999
"36_1C_13","36_1C","36",234,28,0,1,3.9712381362915,78.67,401,0.386264158316554,-0.0596000000000033
"36_1C_13","36_1C","36",235,28.125,0,1,3.83653593063354,78.45,400.86,0.260768096208098,-0.0679999999999957
"36_1C_13","36_1C","36",236,28.25,0,1,3.9712381362915,78.67,401,0.260768096208098,0.246400000000005
"36_1C_13","36_1C","36",237,28.375,0,1,3.9712381362915,80,400.67,1.37032842778656,0
"36_1C_13","36_1C","36",238,28.5,0,0,NA,80,400.67,0,0
"36_1C_13","36_1C","36",239,28.625,0,0,NA,80,400.67,0,0
"36_1C_13","36_1C","36",240,28.75,0,1,3.83653593063354,80.45,400.86,0.488466989672794,0.049099999999996
"36_1C_13","36_1C","36",241,28.875,0,1,4.12310552597046,80.5,401,0.148660687473171,-0.0420999999999963
"36_1C_13","36_1C","36",242,29,0,1,3.63458633422852,80.19,400.81,0.363593179253958,0
"36_1C_13","36_1C","36",243,29.125,0,0,NA,80.19,400.81,0,0
"36_1C_13","36_1C","36",244,29.25,0,1,4.4721360206604,80,401,0.268700576850885,-0.1406
"36_1C_13","36_1C","36",245,29.375,0,1,4.60857009887695,80.5,400.76,0.554616984954486,-0.0576000000000044
"36_1C_13","36_1C","36",246,29.5,0,1,4.12310552597046,80.5,401,0.240000000000009,0
"36_1C_13","36_1C","36",247,29.625,0,0,NA,80.5,401,0,0
"36_1C_13","36_1C","36",248,29.75,0,1,3.83653593063354,80.55,400.86,0.148660687473171,-0.0112999999999911
"36_1C_13","36_1C","36",249,29.875,0,1,3.57600021362305,81.5,401.28,1.03870111196627,3.1213
"36_1C_13","36_1C","36",250,30,0,1,3.61316752433777,84.37,402.22,3.02001655624603,0
"36_1C_13","36_1C","36",251,30.125,0,1,3.61316752433777,84.37,402.22,0,0
"36_1C_13","36_1C","36",252,30.25,0,1,3.61316752433777,83.78,401.63,0.834386001800151,-0.0531000000000128
"36_1C_13","36_1C","36",253,30.375,0,1,3.60555124282837,83.5,402,0.464004310324812,-0.185000000000002
"36_1C_13","36_1C","36",254,30.5,0,1,3.16227769851685,83.5,401.5,0.5,-0.0649999999999977
"36_1C_13","36_1C","36",255,30.625,0,1,3.50364899635315,83.37,401.63,0.183847763108496,-0.0624000000000002
"36_1C_13","36_1C","36",256,30.75,0,1,3.72725701332092,83.37,401.15,0.480000000000018,0.110399999999986
"36_1C_13","36_1C","36",257,30.875,0,1,5.00488424301147,91.42,400.92,8.05328504400533,39.6408257537842
"36_1C_13","36_1C","36",258,31,0,2,4.69213390350342,96.3434371948242,400.888885498047,4.92353551054629,12.3421144490703
"36_1C_13","36_1C","36",259,31.125,0,1,4.30334234237671,98.85,400.85,2.50686441162042,0
"36_1C_13","36_1C","36",260,31.25,0,1,4.30334234237671,98.85,400.85,0,0
"36_1C_13","36_1C","36",261,31.375,0,1,4.34192895889282,99.16,401,0.344383507154443,-0.166699999999995
"36_1C_13","36_1C","36",262,31.5,0,1,4.3159761428833,98.69,400.86,0.490407993409564,-0.165299999999997
"36_1C_13","36_1C","36",263,31.625,0,1,4.4721360206604,99,401,0.340147027033895,0.0155999999999981
"36_1C_13","36_1C","36",264,31.75,0,1,4.29617643356323,99.1,400.89,0.148660687473191,0.024299999999997
"36_1C_13","36_1C","36",265,31.875,0,1,4.3159761428833,99.31,400.86,0.212132034355968,-0.0692999999999987
"36_1C_13","36_1C","36",266,32,0,1,4.4721360206604,99,401,0.340147027033895,0
"36_1C_13","36_1C","36",267,32.125,0,1,4.4721360206604,99,401,0,0
"36_1C_13","36_1C","36",268,32.25,0,1,4.34192895889282,99.16,401,0.159999999999997,-0.0335999999999983
"36_1C_13","36_1C","36",269,32.375,0,1,4.48780488967896,98.95,400.89,0.237065391822595,-0.0108999999999959
"36_1C_13","36_1C","36",270,32.5,0,1,4.32650709152222,99.07,400.76,0.176918060129531,-0.0381000000000015
"36_1C_13","36_1C","36",271,32.625,0,1,4.30334234237671,98.85,400.85,0.237697286480105,-0.00670000000000373
"36_1C_13","36_1C","36",272,32.75,0,1,4.57052564620972,98.86,400.8,0.05099019513594,-0.00549999999999966
"36_1C_13","36_1C","36",273,32.875,0,1,4.73271036148071,98.81,400.9,0.111803398874958,0.0224999999999999
"36_1C_13","36_1C","36",274,33,0,1,4.69213390350342,98.34,400.89,0.470106370941725,-0.306500000000001
"36_1C_13","36_1C","36",275,33.125,0,1,4.13491296768188,99,400.52,0.756637297521077,-0.186799999999995
"36_1C_13","36_1C","36",276,33.25,0,1,4.4032998085022,98.93,400.9,0.386393581727227,-0.0416999999999975
"36_1C_13","36_1C","36",277,33.375,0,1,5.00174474716187,98.82,400.77,0.170293863659269,0
"36_1C_13","36_1C","36",278,33.5,0,0,NA,98.82,400.77,0,0
"36_1C_13","36_1C","36",279,33.625,0,1,4.86371183395386,102.32,400.76,3.50001428568513,0.068700000000037
"36_1C_13","36_1C","36",280,33.75,0,1,4.69213390350342,102.34,400.89,0.131529464379656,0.00500000000000995
"36_1C_13","36_1C","36",281,33.875,0,1,4.30334234237671,102.85,400.85,0.511566222497135,0.152100000000005
"36_1C_13","36_1C","36",282,34,0,1,4.34192895889282,103.16,401,0.344383507154443,0
"36_1C_13","36_1C","36",283,34.125,0,1,4.34192895889282,103.16,401,0,0
"36_1C_13","36_1C","36",284,34.25,0,1,5,103.5,401,0.340000000000003,-0.115600000000002
"36_1C_13","36_1C","36",285,34.375,0,1,4.34192895889282,103.16,401,0.340000000000003,-0.0612000000000029
"36_1C_13","36_1C","36",286,34.5,0,1,4.69213390350342,103.34,401.11,0.210950231097303,0.0204999999999974
"36_1C_13","36_1C","36",287,34.625,0,1,5.05560827255249,103.57,400.92,0.298328677803517,-0.146299999999989
"36_1C_13","36_1C","36",288,34.75,0,1,4.4721360206604,103,401,0.575586657246317,-0.187899999999996
"36_1C_13","36_1C","36",289,34.875,0,1,4.3159761428833,103.31,400.86,0.340147027033895,-0.0660999999999983
"36_1C_13","36_1C","36",290,35,0,1,4.34192895889282,103.16,401,0.205182845286827,0
"36_1C_13","36_1C","36",291,35.125,0,1,4.34192895889282,103.16,401,0,0
"36_1C_13","36_1C","36",292,35.25,0,1,4.73271036148071,102.81,401.1,0.364005494464027,-0.132500000000001
"36_1C_13","36_1C","36",293,35.375,0,1,4.34192895889282,103.16,401,0.364005494464027,0
"36_1C_13","36_1C","36",294,35.5,0,1,4.34192895889282,103.16,401,0,0
"36_1C_13","36_1C","36",295,35.625,0,1,4.69213390350342,103.34,400.89,0.210950231097303,-0.0445000000000055
"36_1C_13","36_1C","36",296,35.75,0,1,4.34192895889282,103.16,401,0.210950231097303,-0.0202999999999995
"36_1C_13","36_1C","36",297,35.875,0,1,4.69213390350342,103.34,401.11,0.210950231097303,-0.0445000000000055
"36_1C_13","36_1C","36",298,36,0,1,4.34192895889282,103.16,401,0.210950231097303,0
"36_1C_13","36_1C","36",299,36.125,0,1,4.34192895889282,103.16,401,0,0
"36_1C_13","36_1C","36",300,36.25,0,1,4.34192895889282,103.16,401,0,0
"36_1C_13","36_1C","36",301,36.375,0,1,4.34192895889282,103.16,401,0,0
"36_1C_13","36_1C","36",302,36.5,0,1,4.34192895889282,103.16,401,0,0
"36_1C_13","36_1C","36",303,36.625,0,1,4.3159761428833,103.31,400.86,0.205182845286827,0
"36_1C_13","36_1C","36",304,36.75,0,1,4.3159761428833,103.31,400.86,0,0
"36_1C_13","36_1C","36",305,36.875,0,1,4.73271036148071,103.19,401.1,0.268328157299985,-0.0204000000000061
"36_1C_13","36_1C","36",306,37,0,1,4.34192895889282,103.16,401,0.104403065089128,0
"36_1C_13","36_1C","36",307,37.125,0,1,4.34192895889282,103.16,401,0,0
"36_1C_13","36_1C","36",308,37.25,0,1,4.4721360206604,103,401,0.159999999999997,-0.0255999999999989
"36_1C_13","36_1C","36",309,37.375,0,1,4.34192895889282,103.16,401,0.159999999999997,0.0240000000000004
"36_1C_13","36_1C","36",310,37.5,0,1,4.3159761428833,103.31,400.86,0.205182845286827,-0.0420999999999979
"36_1C_13","36_1C","36",311,37.625,0,1,4.34192895889282,103.16,401,0.205182845286827,-0.00290000000000553
"36_1C_13","36_1C","36",312,37.75,0,1,4.3159761428833,103.31,401.14,0.205182845286827,-0.0420999999999979
"36_1C_13","36_1C","36",313,37.875,0,1,4.34192895889282,103.16,401,0.205182845286827,0
"36_1C_13","36_1C","36",314,38,0,1,4.34192895889282,103.16,401,0,0
"36_1C_13","36_1C","36",315,38.125,0,1,4.30334234237671,103.15,400.85,0.150332963783706,-0.022599999999993
"36_1C_13","36_1C","36",316,38.25,0,1,4.34192895889282,103.16,401,0.150332963783706,-0.0194999999999961
"36_1C_13","36_1C","36",317,38.375,0,1,4.3159761428833,103.31,400.86,0.205182845286827,-0.0420999999999979
"36_1C_13","36_1C","36",318,38.5,0,1,4.34192895889282,103.16,401,0.205182845286827,0
"36_1C_13","36_1C","36",319,38.625,0,1,4.34192895889282,103.16,401,0,0
"36_1C_13","36_1C","36",320,38.75,0,1,4.89098739624023,99.64,401.36,3.53836120259082,4.22480000000004
"36_1C_13","36_1C","36",321,38.875,0,1,3.61316752433777,98.63,403.22,2.11653017932655,1.77259999999995
"36_1C_13","36_1C","36",322,39,0,1,3.50364899635315,97.63,403.63,1.08078675047392,0.256900000000009
"36_1C_13","36_1C","36",323,39.125,0,1,3.79621624946594,97.41,403.72,0.237697286480105,0
"36_1C_13","36_1C","36",324,39.25,0,0,NA,97.41,403.72,0,0
"36_1C_13","36_1C","36",325,39.375,0,1,3.72725701332092,96.37,405.15,1.76819116613556,-0.172899999999954
"36_1C_13","36_1C","36",326,39.5,0,1,3.9712381362915,96.33,405,0.15524174696258,-0.0152999999999923
"36_1C_13","36_1C","36",327,39.625,0,1,4.30334234237671,96.15,405.15,0.234307490277179,0
"36_1C_13","36_1C","36",328,39.75,0,1,4.30334234237671,96.15,405.15,0,0
"36_1C_13","36_1C","36",329,39.875,0,1,3.9712381362915,96.33,405,0.234307490277179,-0.00990000000000416
"36_1C_13","36_1C","36",330,40,0,1,4.30334234237671,96.15,404.85,0.234307490277179,0.0333000000000049
"36_1C_13","36_1C","36",331,40.125,0,1,4.34192895889282,95.84,405,0.344383507154443,-0.118599999999995
"36_1C_13","36_1C","36",332,40.25,0,1,4.30334234237671,96.15,404.85,0.344383507154443,-0.0449999999999864
"36_1C_13","36_1C","36",333,40.375,0,1,4.30334234237671,96.15,405.15,0.299999999999955,-0.104999999999974
"36_1C_13","36_1C","36",334,40.5,0,1,4.46820449829102,96.12,404.8,0.351283361404972,0.00330000000000224
"36_1C_13","36_1C","36",335,40.625,0,1,4.3159761428833,95.31,404.86,0.812219182240855,2.15340000000001
"36_1C_13","36_1C","36",336,40.75,0,1,3.10949110984802,92.81,407,3.29083576010714,0
"36_1C_13","36_1C","36",337,40.875,0,0,NA,92.81,407,0,0
"36_1C_13","36_1C","36",338,41,0,0,NA,92.81,407,0,0
"36_1C_13","36_1C","36",339,41.125,0,0,NA,92.81,407,0,0
"36_1C_13","36_1C","36",340,41.25,0,0,NA,92.81,407,0,0
"36_1C_13","36_1C","36",341,41.375,0,0,NA,92.81,407,0,0
"36_1C_13","36_1C","36",342,41.5,0,0,NA,92.81,407,0,0
"36_1C_13","36_1C","36",343,41.625,0,1,3.60555124282837,91,408.5,2.35076583265965,1.0939
"36_1C_13","36_1C","36",344,41.75,0,1,3.10949110984802,90.81,409,0.534883164812652,-0.0360999999999991
"36_1C_13","36_1C","36",345,41.875,0,1,3.41421365737915,91,409,0.189999999999998,0
"36_1C_13","36_1C","36",346,42,0,1,3.41421365737915,91,409,0,0
"36_1C_13","36_1C","36",347,42.125,0,0,NA,91,409,0,0
"36_1C_13","36_1C","36",348,42.25,0,0,NA,91,409,0,0
"36_1C_13","36_1C","36",349,42.375,0,1,3.10949110984802,91,408.81,0.189999999999998,-0.0360999999999991
"36_1C_13","36_1C","36",350,42.5,0,1,3.41421365737915,91,409,0.189999999999998,0
"36_1C_13","36_1C","36",351,42.625,0,0,NA,91,409,0,0
"36_1C_13","36_1C","36",352,42.75,0,0,NA,91,409,0,0
"36_1C_13","36_1C","36",353,42.875,0,0,NA,91,409,0,0
"36_1C_13","36_1C","36",354,43,0,1,3.61316752433777,91.22,408.63,0.430464865000621,-0.115000000000003
"36_1C_13","36_1C","36",355,43.125,0,1,3.10949110984802,91,408.81,0.284253408071041,0
"36_1C_13","36_1C","36",356,43.25,0,1,3.10949110984802,91,408.81,0,0
"36_1C_13","36_1C","36",357,43.375,0,0,NA,91,408.81,0,0
"36_1C_13","36_1C","36",358,43.5,0,0,NA,91,408.81,0,0
"36_1C_13","36_1C","36",359,43.625,0,1,3.16227769851685,90.5,408.5,0.58830264320331,-0.405000000000001
"36_1C_13","36_1C","36",360,43.75,0,1,3.41421365737915,91,409,0.707106781186548,-0.0949999999999989
"36_1C_13","36_1C","36",361,43.875,0,1,3.10949110984802,91,408.81,0.189999999999998,0
"36_1C_13","36_1C","36",362,44,0,1,3.10949110984802,91,408.81,0,0
"36_1C_13","36_1C","36",363,44.125,0,1,3.10949110984802,91,408.81,0,0
"36_1C_13","36_1C","36",364,44.25,0,1,3.41421365737915,91,409,0.189999999999998,-0.0360999999999991
"36_1C_13","36_1C","36",365,44.375,0,1,3.10949110984802,91,408.81,0.189999999999998,0
"36_1C_13","36_1C","36",366,44.5,0,1,3.10949110984802,91,408.81,0,0
"36_1C_13","36_1C","36",367,44.625,0,0,NA,91,408.81,0,0
"36_1C_13","36_1C","36",368,44.75,0,1,3.10949110984802,91,408.81,0,0
"36_1C_13","36_1C","36",369,44.875,0,0,NA,91,408.81,0,0
"36_1C_13","36_1C","36",370,45,0,1,3.10949110984802,91,408.81,0,0
"36_1C_13","36_1C","36",371,45.125,0,1,3.61316752433777,90.78,408.63,0.284253408071041,-0.080800000000002
"36_1C_13","36_1C","36",372,45.25,0,1,3.10949110984802,91,408.81,0.284253408071041,-0.0868000000000061
"36_1C_13","36_1C","36",373,45.375,0,1,3.61316752433777,90.63,408.78,0.371214223865419,-0.137800000000005
"36_1C_13","36_1C","36",374,45.5,0,1,3.10949110984802,91,408.81,0.371214223865419,-0.0645999999999945
"36_1C_13","36_1C","36",375,45.625,0,1,3.10949110984802,90.81,409,0.268700576850885,-0.0721999999999983
"36_1C_13","36_1C","36",376,45.75,0,1,3.10949110984802,91,408.81,0.268700576850885,0
"36_1C_13","36_1C","36",377,45.875,0,1,3.10949110984802,91,408.81,0,0
"36_1C_13","36_1C","36",378,46,0,1,3.10949110984802,91,408.81,0,0
"36_1C_13","36_1C","36",379,46.125,0,1,3.16227769851685,90.5,408.5,0.58830264320331,0
"36_1C_13","36_1C","36",380,46.25,0,0,NA,90.5,408.5,0,0
"36_1C_13","36_1C","36",381,46.375,0,0,NA,90.5,408.5,0,0
"36_1C_13","36_1C","36",382,46.5,0,1,3.61316752433777,90.63,408.22,0.308706980808636,-0.0952999999999798
"36_1C_13","36_1C","36",383,46.625,0,1,3.61316752433777,90.78,408.63,0.436577599058834,0
"36_1C_13","36_1C","36",384,46.75,0,0,NA,90.78,408.63,0,0
"36_1C_13","36_1C","36",385,46.875,0,0,NA,90.78,408.63,0,0
"36_1C_13","36_1C","36",386,47,0,0,NA,90.78,408.63,0,0
"36_1C_13","36_1C","36",387,47.125,0,0,NA,90.78,408.63,0,0
"36_1C_13","36_1C","36",388,47.25,0,0,NA,90.78,408.63,0,0
"36_1C_13","36_1C","36",389,47.375,0,0,NA,90.78,408.63,0,0
"36_1C_13","36_1C","36",390,47.5,0,0,NA,90.78,408.63,0,0
"36_1C_13","36_1C","36",391,47.625,0,0,NA,90.78,408.63,0,0
"36_1C_13","36_1C","36",392,47.75,0,0,NA,90.78,408.63,0,0
"36_1C_13","36_1C","36",393,47.875,0,1,3.16227769851685,90.78,408.63,0,0
"36_1C_13","36_1C","36",394,48,0,0,NA,90.78,408.63,0,0
"36_1C_13","36_1C","36",395,48.125,0,1,3.61316752433777,58.63,396.78,34.2643400636872,0.0359999999996772
"36_1C_13","36_1C","36",396,48.25,0,1,3.61316752433777,58.78,396.37,0.436577599058831,-0.141299999999993
"36_1C_13","36_1C","36",397,48.375,0,1,4.30334234237671,59.15,396.85,0.606052802980083,-0.141900000000006
"36_1C_13","36_1C","36",398,48.5,0,1,3.9712381362915,59,396.67,0.234307490277204,0.0155999999999999
"36_1C_13","36_1C","36",399,48.625,0,1,3.60555124282837,58.5,397,0.599082632029998,-0.374499999999989
"36_1C_13","36_1C","36",400,48.75,0,1,4.30334234237671,59.15,396.85,0.66708320320631,-0.214999999999995
"36_1C_13","36_1C","36",401,48.875,0,1,3.63458633422852,58.81,396.81,0.342344855372473,0.0977999999999958
"36_1C_13","36_1C","36",402,49,0,1,3.30277562141418,58.5,397,0.363593179253958,0
"36_1C_13","36_1C","36",403,49.125,0,1,3.60555124282837,58.5,397,0,0
"36_1C_13","36_1C","36",404,49.25,0,1,3.16227769851685,58.5,396.5,0.5,-0.139999999999986
"36_1C_13","36_1C","36",405,49.375,0,1,3.61316752433777,58.63,396.78,0.308706980808639,-1.73529999999989
"36_1C_13","36_1C","36",406,49.5,0,1,3.16227769851685,54.5,392.5,5.94771384651277,23.6671999999999
"36_1C_13","36_1C","36",407,49.625,0,1,3.61316752433777,52.78,388.63,4.23500885477233,0.124699999999985
"36_1C_13","36_1C","36",408,49.75,0,1,3.60555124282837,53,388.5,0.255538646783609,0
"36_1C_13","36_1C","36",409,49.875,0,1,3.60555124282837,53,388.5,0,0
"36_1C_13","36_1C","36",410,50,0,1,3.61316752433777,52.78,388.63,0.255538646783609,0.0447000000000011
"36_1C_13","36_1C","36",411,50.125,0,1,3.16227769851685,52.5,388.5,0.308706980808662,-0.0952999999999995
"36_1C_13","36_1C","36",412,50.25,0,1,3.61316752433777,52.78,388.63,0.308706980808662,0
"36_1C_13","36_1C","36",413,50.375,0,0,NA,52.78,388.63,0,0
"36_1C_13","36_1C","36",414,50.5,0,0,NA,52.78,388.63,0,0
"36_1C_13","36_1C","36",415,50.625,0,0,NA,52.78,388.63,0,0
"36_1C_13","36_1C","36",416,50.75,0,1,3.60555124282837,50,382.5,6.73092118509792,0.185299999999974
"36_1C_13","36_1C","36",417,50.875,0,1,3.61316752433777,50.22,382.37,0.255538646783609,0
"36_1C_13","36_1C","36",418,51,0,1,3.61316752433777,50.22,382.37,0,0
"36_1C_13","36_1C","36",419,51.125,0,1,3.16227769851685,50.5,382.5,0.308706980808662,0
"36_1C_13","36_1C","36",420,51.25,0,0,NA,50.5,382.5,0,0
"36_1C_13","36_1C","36",421,51.375,0,0,NA,50.5,382.5,0,0
"36_1C_13","36_1C","36",422,51.5,0,1,3.10949110984802,48.19,377,5.96540861970075,0
"36_1C_13","36_1C","36",423,51.625,0,0,NA,48.19,377,0,0
"36_1C_13","36_1C","36",424,51.75,0,1,3.61316752433777,48.63,376.78,0.49193495504997,0
"36_1C_13","36_1C","36",425,51.875,0,0,NA,48.63,376.78,0,0
"36_1C_13","36_1C","36",426,52,0,1,3.30277562141418,48.5,377,0.255538646783638,0
"36_1C_13","36_1C","36",427,52.125,0,0,NA,48.5,377,0,0
"36_1C_13","36_1C","36",428,52.25,0,1,3.30277562141418,48.5,377,0,0
"36_1C_13","36_1C","36",429,52.375,0,0,NA,48.5,377,0,0
"36_1C_13","36_1C","36",430,52.5,0,0,NA,48.5,377,0,0
"36_1C_13","36_1C","36",431,52.625,0,0,NA,48.5,377,0,0
"36_1C_13","36_1C","36",432,52.75,0,0,NA,48.5,377,0,0
"36_1C_13","36_1C","36",433,52.875,0,1,4.18675136566162,47.73,367.67,9.36171992744921,-6.07129999999986
"36_1C_13","36_1C","36",434,53,0,1,4.3159761428833,47.86,368.31,0.653069674690215,-0.223099999999997
"36_1C_13","36_1C","36",435,53.125,0,1,3.9712381362915,47.67,368,0.363593179253958,-0.0471999999999953
"36_1C_13","36_1C","36",436,53.25,0,1,4.3159761428833,47.69,368.14,0.141421356237295,-0.0133999999999974
"36_1C_13","36_1C","36",437,53.375,0,1,4,48,368,0.340147027033895,-0.0674999999999947
"36_1C_13","36_1C","36",438,53.5,0,1,4.30334234237671,47.85,368.15,0.212132034355947,-0.0209999999999946
"36_1C_13","36_1C","36",439,53.625,0,1,4.33298635482788,47.74,367.9,0.273130005674953,-0.107000000000007
"36_1C_13","36_1C","36",440,53.75,0,1,4.54055833816528,47.94,368.24,0.394461658466346,-0.0840000000000098
"36_1C_13","36_1C","36",441,53.875,0,1,4.3159761428833,47.69,368.14,0.269258240356734,0
"36_1C_13","36_1C","36",442,54,0,1,4.3159761428833,47.69,368.14,0,0
"36_1C_13","36_1C","36",443,54.125,0,1,4.29617643356323,48.1,368.11,0.411096095821891,-0.103699999999999
"36_1C_13","36_1C","36",444,54.25,0,1,4.30334234237671,47.85,368.15,0.253179778023437,0
"36_1C_13","36_1C","36",445,54.375,0,1,4.30334234237671,47.85,368.15,0,0
"36_1C_13","36_1C","36",446,54.5,0,1,4.3159761428833,47.69,368.14,0.160312195418817,0
"36_1C_13","36_1C","36",447,54.625,0,1,4.3159761428833,47.69,368.14,0,0
"36_1C_13","36_1C","36",448,54.75,0,1,4.30334234237671,47.85,368.15,0.160312195418817,0
"36_1C_13","36_1C","36",449,54.875,0,1,4.30334234237671,47.85,368.15,0,0
"36_1C_13","36_1C","36",450,55,0,1,3.83653593063354,47.45,368.14,0.40012498047485,-0.0959999999999976
"36_1C_13","36_1C","36",451,55.125,0,1,4.3159761428833,47.69,368.14,0.239999999999995,0
"36_1C_13","36_1C","36",452,55.25,0,1,4.3159761428833,47.69,368.14,0,0
"36_1C_13","36_1C","36",453,55.375,0,1,4.30334234237671,47.85,368.15,0.160312195418817,0
"36_1C_13","36_1C","36",454,55.5,0,1,4.30334234237671,47.85,368.15,0,0
"36_1C_13","36_1C","36",455,55.625,0,1,4.30334234237671,47.85,368.15,0,0
"36_1C_13","36_1C","36",456,55.75,0,1,4.30334234237671,47.85,368.15,0,0
"36_1C_13","36_1C","36",457,55.875,0,1,4.30334234237671,47.85,368.15,0,0
"36_1C_13","36_1C","36",458,56,0,1,3.9712381362915,47.67,368,0.234307490277185,-0.0548999999999931
"36_1C_13","36_1C","36",459,56.125,0,1,4.30334234237671,47.85,368.15,0.234307490277185,0
"36_1C_13","36_1C","36",460,56.25,0,1,4.30334234237671,47.85,368.15,0,0
"36_1C_13","36_1C","36",461,56.375,0,1,4.30334234237671,47.85,368.15,0,0
"36_1C_13","36_1C","36",462,56.5,0,1,4.30334234237671,47.85,368.15,0,0
"36_1C_13","36_1C","36",463,56.625,0,0,NA,47.85,368.15,0,0
"36_1C_13","36_1C","36",464,56.75,0,0,NA,47.85,368.15,0,0
"36_1C_13","36_1C","36",465,56.875,0,1,4.9516773223877,48.19,362.42,5.74007839667714,1.10229999999998
"36_1C_13","36_1C","36",466,57,0,1,5.00709676742554,48.23,362.23,0.194164878389474,-0.0140999999999943
"36_1C_13","36_1C","36",467,57.125,0,1,4.7646369934082,48.02,362.26,0.212132034355954,-0.0165000000000013
"36_1C_13","36_1C","36",468,57.25,0,1,4.69213390350342,48.11,362.34,0.12041594578791,0
"36_1C_13","36_1C","36",469,57.375,0,0,NA,48.11,362.34,0,0
"36_1C_13","36_1C","36",470,57.5,0,1,5.05560827255249,48.08,362.57,0.231948270094882,-0.0488000000000021
"36_1C_13","36_1C","36",471,57.625,0,1,5.08612632751465,48.71,362.44,0.643272881443017,-0.365
"36_1C_13","36_1C","36",472,57.75,0,1,4.69213390350342,48.11,362.34,0.608276253029827,-0.00500000000000633
"36_1C_13","36_1C","36",473,57.875,0,1,5.05560827255249,48.08,362.57,0.231948270094882,0
"36_1C_13","36_1C","36",474,58,0,0,NA,48.08,362.57,0,0
"36_1C_13","36_1C","36",475,58.125,0,1,4.30334234237671,48.15,357.85,4.72051903925826,5.82840000000009
"36_1C_13","36_1C","36",476,58.25,0,1,3.72725701332092,49.15,356.63,1.5774663229369,0.618600000000013
"36_1C_13","36_1C","36",477,58.375,0,1,4,49,356,0.647610994347682,0.0795000000000136
"36_1C_13","36_1C","36",478,58.5,0,1,4.29617643356323,48.89,355.9,0.1486606874732,-0.0441000000000084
"36_1C_13","36_1C","36",479,58.625,0,1,4.29617643356323,49.1,356.11,0.296984848098376,-0.168000000000021
"36_1C_13","36_1C","36",480,58.75,0,1,3.61316752433777,48.63,355.78,0.574282160614472,-0.543100000000037
"36_1C_13","36_1C","36",481,58.875,0,1,3.57600021362305,49.28,356.5,0.970000000000019,-0.409800000000004
"36_1C_13","36_1C","36",482,59,0,1,4.3159761428833,48.86,356.31,0.460977222864645,9.99999999992535e-05
"36_1C_13","36_1C","36",483,59.125,0,1,4,49,356,0.340147027033901,0.0464999999999933
"36_1C_13","36_1C","36",484,59.25,0,1,4.01123428344727,49,355.85,0.149999999999977,0
"36_1C_13","36_1C","36",485,59.375,0,0,NA,49,355.85,0,0
"36_1C_13","36_1C","36",486,59.5,0,1,3.72725701332092,48.63,355.85,0.369999999999997,-0.00123399200439358
"36_1C_13","36_1C","36",487,59.625,1,2,3.72725701332092,48.6333351135254,355.850006103516,0.00333511911033611,-0.000878679782173202
"36_1C_13","36_1C","36",488,59.75,1,1,3.61316752433777,48.37,355.78,0.272481626068394,0
"36_1C_13","36_1C","36",489,59.875,1,0,NA,48.37,355.78,0,0
"36_1C_13","36_1C","36",490,60,1,5,3.65028142929077,67,415,62.0812797870663,104.877361450195
"36_1C_13","36_1C","36",491,60.125,1,3,4.01123428344727,89,409.850006103516,22.594743573093,-67.1794701190665
"36_1C_13","36_1C","36",492,60.25,1,5,3.61316752433777,84.6274490356445,404.215698242188,7.13194412570022,271.259199567528
"36_1C_13","36_1C","36",493,60.375,1,1,5.25512742996216,87.49,353.85,50.4469796662458,-18.5891027282704
"36_1C_13","36_1C","36",494,60.5,1,1,5.71132278442383,101.23,355,13.7880419204469,14.2309
"36_1C_13","36_1C","36",495,60.625,0,1,5.60102319717407,102.29,354.71,1.09895404817491,0.768899999999991
"36_1C_13","36_1C","36",496,60.75,0,1,5.90453052520752,103.04,354.8,0.755380698720854,0
"36_1C_13","36_1C","36",497,60.875,0,0,NA,103.04,354.8,0,0
"36_1C_13","36_1C","36",498,61,0,0,NA,103.04,354.8,0,0
"36_1C_13","36_1C","36",499,61.125,0,1,3.60555124282837,103.04,354.8,0,0
"36_1C_13","36_1C","36",500,61.25,0,0,NA,103.04,354.8,0,0
"36_1C_13","36_1C","36",501,61.375,0,0,NA,103.04,354.8,0,0
"36_1C_13","36_1C","36",502,61.5,0,0,NA,103.04,354.8,0,0
"36_1C_13","36_1C","36",503,61.625,0,0,NA,103.04,354.8,0,0
"36_1C_13","36_1C","36",504,61.75,0,0,NA,103.04,354.8,0,0
"36_1C_13","36_1C","36",505,61.875,0,0,NA,103.04,354.8,0,0
"36_1C_13","36_1C","36",506,62,0,0,NA,103.04,354.8,0,0
"36_1C_13","36_1C","36",507,62.125,0,0,NA,103.04,354.8,0,0
"36_1C_13","36_1C","36",508,62.25,0,0,NA,103.04,354.8,0,0
"36_1C_13","36_1C","36",509,62.375,0,0,NA,103.04,354.8,0,0
"36_1C_13","36_1C","36",510,62.5,0,0,NA,103.04,354.8,0,0
"36_1C_13","36_1C","36",511,62.625,0,0,NA,103.04,354.8,0,0
"36_1C_13","36_1C","36",512,62.75,0,0,NA,103.04,354.8,0,0
"36_1C_13","36_1C","36",513,62.875,0,0,NA,103.04,354.8,0,0
"36_1C_13","36_1C","36",514,63,0,0,NA,103.04,354.8,0,0
"36_1C_13","36_1C","36",515,63.125,0,0,NA,103.04,354.8,0,0
"36_1C_13","36_1C","36",516,63.25,0,0,NA,103.04,354.8,0,0
"36_1C_13","36_1C","36",517,63.375,0,0,NA,103.04,354.8,0,0
"36_1C_13","36_1C","36",518,63.5,0,0,NA,103.04,354.8,0,0
"36_1C_13","36_1C","36",519,63.625,0,0,NA,103.04,354.8,0,0
"36_1C_13","36_1C","36",520,63.75,0,0,NA,103.04,354.8,0,0
"36_1C_13","36_1C","36",521,63.875,0,0,NA,103.04,354.8,0,0
"36_1C_13","36_1C","36",522,64,0,0,NA,103.04,354.8,0,0
"36_1C_13","36_1C","36",523,64.125,0,1,3.61316752433777,103.04,354.8,0,0
"36_1C_13","36_1C","36",524,64.25,0,0,NA,103.04,354.8,0,0
"36_1C_13","36_1C","36",525,64.375,0,0,NA,103.04,354.8,0,0
"36_1C_13","36_1C","36",526,64.5,0,0,NA,103.04,354.8,0,0
"36_1C_13","36_1C","36",527,64.625,0,0,NA,103.04,354.8,0,0
"36_1C_13","36_1C","36",528,64.75,0,0,NA,103.04,354.8,0,0
"36_1C_13","36_1C","36",529,64.875,0,0,NA,103.04,354.8,0,0
"36_1C_13","36_1C","36",530,65,0,0,NA,103.04,354.8,0,0
"36_1C_13","36_1C","36",531,65.125,0,0,NA,103.04,354.8,0,0
"36_1C_13","36_1C","36",532,65.25,0,0,NA,103.04,354.8,0,0
"36_1C_13","36_1C","36",533,65.375,0,0,NA,103.04,354.8,0,0
"36_1C_13","36_1C","36",534,65.5,0,0,NA,103.04,354.8,0,0
"36_1C_13","36_1C","36",535,65.625,0,0,NA,103.04,354.8,0,0
"36_1C_13","36_1C","36",536,65.75,0,0,NA,103.04,354.8,0,0
"36_1C_13","36_1C","36",537,65.875,0,0,NA,103.04,354.8,0,0
"36_1C_13","36_1C","36",538,66,0,0,NA,103.04,354.8,0,0
"36_1C_13","36_1C","36",539,66.125,0,0,NA,103.04,354.8,0,0
"36_1C_13","36_1C","36",540,66.25,0,0,NA,103.04,354.8,0,0
"36_1C_13","36_1C","36",541,66.375,0,0,NA,103.04,354.8,0,0
"36_1C_13","36_1C","36",542,66.5,0,0,NA,103.04,354.8,0,0
"36_1C_13","36_1C","36",543,66.625,0,0,NA,103.04,354.8,0,0
"36_1C_13","36_1C","36",544,66.75,0,0,NA,103.04,354.8,0,0
"36_1C_13","36_1C","36",545,66.875,0,0,NA,103.04,354.8,0,0
"36_1C_13","36_1C","36",546,67,0,0,NA,103.04,354.8,0,0
"36_1C_13","36_1C","36",547,67.125,0,0,NA,103.04,354.8,0,0
"36_1C_13","36_1C","36",548,67.25,0,0,NA,103.04,354.8,0,0
"36_1C_13","36_1C","36",549,67.375,0,0,NA,103.04,354.8,0,0
"36_1C_13","36_1C","36",550,67.5,0,0,NA,103.04,354.8,0,0
"36_1C_13","36_1C","36",551,67.625,0,0,NA,103.04,354.8,0,0
"36_1C_13","36_1C","36",552,67.75,0,0,NA,103.04,354.8,0,0
"36_1C_13","36_1C","36",553,67.875,0,0,NA,103.04,354.8,0,0
"36_1C_13","36_1C","36",554,68,0,0,NA,103.04,354.8,0,0
"36_1C_13","36_1C","36",555,68.125,0,0,NA,103.04,354.8,0,0
"36_1C_13","36_1C","36",556,68.25,0,0,NA,103.04,354.8,0,0
"36_1C_13","36_1C","36",557,68.375,0,0,NA,103.04,354.8,0,0
"36_1C_13","36_1C","36",558,68.5,0,0,NA,103.04,354.8,0,0
"36_1C_13","36_1C","36",559,68.625,0,0,NA,103.04,354.8,0,0
"36_1C_13","36_1C","36",560,68.75,0,0,NA,103.04,354.8,0,0
"36_1C_13","36_1C","36",561,68.875,0,0,NA,103.04,354.8,0,0
"36_1C_13","36_1C","36",562,69,0,0,NA,103.04,354.8,0,0
"36_1C_13","36_1C","36",563,69.125,0,0,NA,103.04,354.8,0,0
"36_1C_13","36_1C","36",564,69.25,0,0,NA,103.04,354.8,0,0
"36_1C_13","36_1C","36",565,69.375,0,0,NA,103.04,354.8,0,0
"36_1C_13","36_1C","36",566,69.5,0,1,3.16227769851685,103.04,354.8,0,0
"36_1C_13","36_1C","36",567,69.625,0,0,NA,103.04,354.8,0,0
"36_1C_13","36_1C","36",568,69.75,0,1,5.15573596954346,103.04,354.8,0,0
"36_1C_13","36_1C","36",569,69.875,0,1,5,103.04,354.8,0,0
"36_1C_13","36_1C","36",570,70,0,0,NA,103.04,354.8,0,0
"36_1C_13","36_1C","36",571,70.125,0,0,NA,103.04,354.8,0,0
"36_1C_13","36_1C","36",572,70.25,0,0,NA,103.04,354.8,0,0
"36_1C_13","36_1C","36",573,70.375,0,0,NA,103.04,354.8,0,0
"36_1C_13","36_1C","36",574,70.5,0,0,NA,103.04,354.8,0,0
"36_1C_13","36_1C","36",575,70.625,0,0,NA,103.04,354.8,0,0
"36_1C_13","36_1C","36",576,70.75,0,0,NA,103.04,354.8,0,0
"36_1C_13","36_1C","36",577,70.875,0,0,NA,103.04,354.8,0,0
"36_1C_13","36_1C","36",578,71,0,0,NA,103.04,354.8,0,0
"36_1C_13","36_1C","36",579,71.125,0,0,NA,103.04,354.8,0,0
"36_1C_13","36_1C","36",580,71.25,0,0,NA,103.04,354.8,0,0
"36_1C_13","36_1C","36",581,71.375,0,0,NA,103.04,354.8,0,0
"36_1C_13","36_1C","36",582,71.5,0,0,NA,103.04,354.8,0,0
"36_1C_13","36_1C","36",583,71.625,0,0,NA,103.04,354.8,0,0
"36_1C_13","36_1C","36",584,71.75,0,0,NA,103.04,354.8,0,0
"36_1C_13","36_1C","36",585,71.875,0,0,NA,103.04,354.8,0,0
"36_1C_13","36_1C","36",586,72,0,0,NA,103.04,354.8,0,0
"36_1C_13","36_1C","36",587,72.125,0,0,NA,103.04,354.8,0,0
"36_1C_13","36_1C","36",588,72.25,0,0,NA,103.04,354.8,0,0
"36_1C_13","36_1C","36",589,72.375,0,0,NA,103.04,354.8,0,0
"36_1C_13","36_1C","36",590,72.5,0,0,NA,103.04,354.8,0,0
"36_1C_13","36_1C","36",591,72.625,0,0,NA,103.04,354.8,0,0
"36_1C_13","36_1C","36",592,72.75,0,0,NA,103.04,354.8,0,0
"36_1C_13","36_1C","36",593,72.875,0,0,NA,103.04,354.8,0,0
"36_1C_13","36_1C","36",594,73,0,0,NA,103.04,354.8,0,0
"36_1C_13","36_1C","36",595,73.125,0,0,NA,103.04,354.8,0,0
"36_1C_13","36_1C","36",596,73.25,0,0,NA,103.04,354.8,0,0
"36_1C_13","36_1C","36",597,73.375,0,0,NA,103.04,354.8,0,0
"36_1C_13","36_1C","36",598,73.5,0,0,NA,103.04,354.8,0,0
"36_1C_13","36_1C","36",599,73.625,0,0,NA,103.04,354.8,0,0
"36_1C_13","36_1C","36",600,73.75,0,0,NA,103.04,354.8,0,0
"36_1C_13","36_1C","36",601,73.875,0,0,NA,103.04,354.8,0,0
"36_1C_13","36_1C","36",602,74,0,0,NA,103.04,354.8,0,0
"36_1C_13","36_1C","36",603,74.125,0,0,NA,103.04,354.8,0,0
"36_1C_13","36_1C","36",604,74.25,0,0,NA,103.04,354.8,0,0
"36_1C_13","36_1C","36",605,74.375,0,0,NA,103.04,354.8,0,0
"36_1C_13","36_1C","36",606,74.5,0,0,NA,103.04,354.8,0,0
"36_1C_13","36_1C","36",607,74.625,0,0,NA,103.04,354.8,0,0
"36_1C_13","36_1C","36",608,74.75,0,0,NA,103.04,354.8,0,0
"36_1C_13","36_1C","36",609,74.875,0,0,NA,103.04,354.8,0,0
"36_1C_13","36_1C","36",610,75,0,0,NA,103.04,354.8,0,0
"36_1C_13","36_1C","36",611,75.125,0,0,NA,103.04,354.8,0,0
"36_1C_13","36_1C","36",612,75.25,0,0,NA,103.04,354.8,0,0
"36_1C_13","36_1C","36",613,75.375,0,0,NA,103.04,354.8,0,0
"36_1C_13","36_1C","36",614,75.5,0,0,NA,103.04,354.8,0,0
"36_1C_13","36_1C","36",615,75.625,0,0,NA,103.04,354.8,0,0
"36_1C_13","36_1C","36",616,75.75,0,0,NA,103.04,354.8,0,0
"36_1C_13","36_1C","36",617,75.875,0,0,NA,103.04,354.8,0,0
"36_1C_13","36_1C","36",618,76,0,0,NA,103.04,354.8,0,0
"36_1C_13","36_1C","36",619,76.125,0,0,NA,103.04,354.8,0,0
"36_1C_13","36_1C","36",620,76.25,0,0,NA,103.04,354.8,0,0
"36_1C_13","36_1C","36",621,76.375,0,0,NA,103.04,354.8,0,0
"36_1C_13","36_1C","36",622,76.5,0,0,NA,103.04,354.8,0,0
"36_1C_13","36_1C","36",623,76.625,0,0,NA,103.04,354.8,0,0
"36_1C_13","36_1C","36",624,76.75,0,0,NA,103.04,354.8,0,0
"36_1C_13","36_1C","36",625,76.875,0,0,NA,103.04,354.8,0,0
"36_1C_13","36_1C","36",626,77,0,0,NA,103.04,354.8,0,0
"36_1C_13","36_1C","36",627,77.125,0,0,NA,103.04,354.8,0,0
"36_1C_13","36_1C","36",628,77.25,0,0,NA,103.04,354.8,0,0
"36_1C_13","36_1C","36",629,77.375,0,0,NA,103.04,354.8,0,0
"36_1C_13","36_1C","36",630,77.5,0,0,NA,103.04,354.8,0,0
"36_1C_13","36_1C","36",631,77.625,0,0,NA,103.04,354.8,0,0
"36_1C_13","36_1C","36",632,77.75,0,0,NA,103.04,354.8,0,0
"36_1C_13","36_1C","36",633,77.875,0,0,NA,103.04,354.8,0,0
"36_1C_13","36_1C","36",634,78,0,0,NA,103.04,354.8,0,0
"36_1C_13","36_1C","36",635,78.125,0,0,NA,103.04,354.8,0,0
"36_1C_13","36_1C","36",636,78.25,0,0,NA,103.04,354.8,0,0
"36_1C_13","36_1C","36",637,78.375,0,0,NA,103.04,354.8,0,0
"36_1C_13","36_1C","36",638,78.5,0,0,NA,103.04,354.8,0,0
"36_1C_13","36_1C","36",639,78.625,0,0,NA,103.04,354.8,0,0
"36_1C_13","36_1C","36",640,78.75,0,1,5.24308443069458,104.91,320.62,34.2311159619432,99.7641999999997
"36_1C_13","36_1C","36",641,78.875,0,1,4.53098201751709,99.77,317.42,6.05471716928214,3.71720000000005
"36_1C_13","36_1C","36",642,79,0,1,3.63458633422852,99.19,317.19,0.623939099592265,4.55890000000002
"36_1C_13","36_1C","36",643,79.125,0,1,3.60555124282837,92,315.5,7.38594611407367,3.96680000000004
"36_1C_13","36_1C","36",644,79.25,0,1,3.57600021362305,91.5,315.28,0.546260011349918,-0.0426000000000027
"36_1C_13","36_1C","36",645,79.375,0,1,4.69213390350342,91.66,315.11,0.233452350598543,0.0474999999999983
"36_1C_13","36_1C","36",646,79.5,0,1,4.34192895889282,91.84,315,0.210950231097303,0
"36_1C_13","36_1C","36",647,79.625,0,1,4.34192895889282,91.84,315,0,0
"36_1C_13","36_1C","36",648,79.75,0,1,4.08487749099731,91.75,315.03,0.094868329805046,0.00869999999999782
"36_1C_13","36_1C","36",649,79.875,0,1,4.3159761428833,91.69,315.14,0.12529964086143,-0.0115999999999971
"36_1C_13","36_1C","36",650,80,0,1,4.73271036148071,91.81,315.1,0.126491106406728,0
"36_1C_13","36_1C","36",651,80.125,0,0,NA,91.81,315.1,0,0
"36_1C_13","36_1C","36",652,80.25,0,0,NA,91.81,315.1,0,0
"36_1C_13","36_1C","36",653,80.375,0,0,NA,91.81,315.1,0,0
"36_1C_13","36_1C","36",654,80.5,0,0,NA,91.81,315.1,0,0
"36_1C_13","36_1C","36",655,80.625,0,0,NA,91.81,315.1,0,0
"36_1C_13","36_1C","36",656,80.75,0,1,3.41421365737915,76,317,15.9237589783317,0.360999999999991
"36_1C_13","36_1C","36",657,80.875,0,1,3.10949110984802,76,317.19,0.189999999999998,-0.0873999999999951
"36_1C_13","36_1C","36",658,81,0,1,4.18675136566162,76.67,316.73,0.812711510931144,0
"36_1C_13","36_1C","36",659,81.125,0,0,NA,76.67,316.73,0,0
"36_1C_13","36_1C","36",660,81.25,0,1,3.10949110984802,76.81,317,0.304138126514895,0
"36_1C_13","36_1C","36",661,81.375,0,0,NA,76.81,317,0,0
"36_1C_13","36_1C","36",662,81.5,0,0,NA,76.81,317,0,0
"36_1C_13","36_1C","36",663,81.625,0,0,NA,76.81,317,0,0
"36_1C_13","36_1C","36",664,81.75,0,0,NA,76.81,317,0,0
"36_1C_13","36_1C","36",665,81.875,0,0,NA,76.81,317,0,0
"36_1C_13","36_1C","36",666,82,0,0,NA,76.81,317,0,0
"36_1C_13","36_1C","36",667,82.125,0,1,3.61316752433777,60.22,326.63,19.1824138209976,49.9458000000001
"36_1C_13","36_1C","36",668,82.25,0,1,4.00222158432007,58.44,328.75,2.76817629496389,0
"36_1C_13","36_1C","36",669,82.375,0,0,NA,58.44,328.75,0,0
"36_1C_13","36_1C","36",670,82.5,0,1,3.61316752433777,58.63,328.22,0.563027530410346,0
"36_1C_13","36_1C","36",671,82.625,0,0,NA,58.63,328.22,0,0
"36_1C_13","36_1C","36",672,82.75,0,0,NA,58.63,328.22,0,0
"36_1C_13","36_1C","36",673,82.875,0,1,4.27798509597778,54.27,336.25,9.13731360959005,53.5379000000001
"36_1C_13","36_1C","36",674,83,0,1,3.16227769851685,48.05,339.54,7.03651191997855,0
"36_1C_13","36_1C","36",675,83.125,0,0,NA,48.05,339.54,0,0
"36_1C_13","36_1C","36",676,83.25,0,1,3.16227769851685,50.5,341.5,3.13753087634209,-0.97999999999999
"36_1C_13","36_1C","36",677,83.375,0,1,3.60555124282837,50.5,341,0.5,0
"36_1C_13","36_1C","36",678,83.5,0,1,4,51,341,0.5,0
"36_1C_13","36_1C","36",679,83.625,0,0,NA,51,341,0,0
"36_1C_13","36_1C","36",680,83.75,0,1,4.18675136566162,50.73,340.67,0.426380112106547,0.0131999999999913
"36_1C_13","36_1C","36",681,83.875,0,1,3.60555124282837,51.5,340,1.02068604379605,0
"36_1C_13","36_1C","36",682,84,0,0,NA,51.5,340,0,0
"36_1C_13","36_1C","36",683,84.125,0,0,NA,51.5,340,0,0
"36_1C_13","36_1C","36",684,84.25,0,0,NA,51.5,340,0,0
"36_1C_13","36_1C","36",685,84.375,0,0,NA,51.5,340,0,0
"36_1C_13","36_1C","36",686,84.5,0,0,NA,51.5,340,0,0
"36_1C_13","36_1C","36",687,84.625,0,0,NA,51.5,340,0,0
"36_1C_13","36_1C","36",688,84.75,0,0,NA,51.5,340,0,0
"36_1C_13","36_1C","36",689,84.875,0,0,NA,51.5,340,0,0
"36_1C_13","36_1C","36",690,85,0,0,NA,51.5,340,0,0
"36_1C_13","36_1C","36",691,85.125,0,0,NA,51.5,340,0,0
"36_1C_13","36_1C","36",692,85.25,0,0,NA,51.5,340,0,0
"36_1C_13","36_1C","36",693,85.375,0,0,NA,51.5,340,0,0
"36_1C_13","36_1C","36",694,85.5,0,0,NA,51.5,340,0,0
"36_1C_13","36_1C","36",695,85.625,0,0,NA,51.5,340,0,0
"36_1C_13","36_1C","36",696,85.75,0,0,NA,51.5,340,0,0
"36_1C_13","36_1C","36",697,85.875,0,0,NA,51.5,340,0,0
"36_1C_13","36_1C","36",698,86,0,0,NA,51.5,340,0,0
"36_1C_13","36_1C","36",699,86.125,0,0,NA,51.5,340,0,0
"36_1C_13","36_1C","36",700,86.25,0,0,NA,51.5,340,0,0
"36_1C_13","36_1C","36",701,86.375,0,0,NA,51.5,340,0,0
"36_1C_13","36_1C","36",702,86.5,0,0,NA,51.5,340,0,0
"36_1C_13","36_1C","36",703,86.625,0,1,3.16227769851685,51.5,340,0,0
"36_1C_13","36_1C","36",704,86.75,0,1,4.30334234237671,51.5,340,0,0
"36_1C_13","36_1C","36",705,86.875,0,0,NA,51.5,340,0,0
"36_1C_13","36_1C","36",706,87,0,0,NA,51.5,340,0,0
"36_1C_13","36_1C","36",707,87.125,0,0,NA,51.5,340,0,0
"36_1C_13","36_1C","36",708,87.25,0,1,3.9712381362915,106,402.67,83.0528681021914,0
"36_1C_13","36_1C","36",709,87.375,0,0,NA,106,402.67,0,0
"36_1C_13","36_1C","36",710,87.5,0,0,NA,106,402.67,0,0
"36_1C_13","36_1C","36",711,87.625,0,0,NA,106,402.67,0,0
"36_1C_13","36_1C","36",712,87.75,0,0,NA,106,402.67,0,0
"36_1C_13","36_1C","36",713,87.875,0,0,NA,106,402.67,0,0
"36_1C_13","36_1C","36",714,88,0,0,NA,106,402.67,0,0
"36_1C_13","36_1C","36",715,88.125,0,0,NA,106,402.67,0,0
"36_1C_13","36_1C","36",716,88.25,0,0,NA,106,402.67,0,0
"36_1C_13","36_1C","36",717,88.375,0,0,NA,106,402.67,0,0
"36_1C_13","36_1C","36",718,88.5,0,0,NA,106,402.67,0,0
"36_1C_13","36_1C","36",719,88.625,0,0,NA,106,402.67,0,0
"36_1C_13","36_1C","36",720,88.75,0,1,3.10949110984802,106,402.81,0.139999999999986,0
"36_1C_13","36_1C","36",721,88.875,0,0,NA,106,402.81,0,0
"36_1C_13","36_1C","36",722,89,0,0,NA,106,402.81,0,0
"36_1C_13","36_1C","36",723,89.125,0,0,NA,106,402.81,0,0
"36_1C_13","36_1C","36",724,89.25,0,0,NA,106,402.81,0,0
"36_1C_13","36_1C","36",725,89.375,0,0,NA,106,402.81,0,0
"36_1C_13","36_1C","36",726,89.5,0,0,NA,106,402.81,0,0
"36_1C_13","36_1C","36",727,89.625,0,0,NA,106,402.81,0,0
"36_1C_13","36_1C","36",728,89.75,0,0,NA,106,402.81,0,0
"36_1C_13","36_1C","36",729,89.875,0,0,NA,106,402.81,0,0
"36_1C_13","36_1C","36",730,90,0,0,NA,106,402.81,0,0
"36_1C_13","36_1C","36",731,90.125,0,0,NA,106,402.81,0,0
"36_1C_13","36_1C","36",732,90.25,0,0,NA,106,402.81,0,0
"36_1C_13","36_1C","36",733,90.375,0,0,NA,106,402.81,0,0
"36_1C_13","36_1C","36",734,90.5,0,1,3.72725701332092,125.37,385.15,26.2120678314398,142.217
"36_1C_13","36_1C","36",735,90.625,0,1,3.63458633422852,128.19,380.19,5.70561127312401,6.43659999999997
"36_1C_13","36_1C","36",736,90.75,0,1,3.16227769851685,127.5,378.5,1.82543145584818,-0.0576999999999723
"36_1C_13","36_1C","36",737,90.875,0,1,3.9712381362915,128,378.33,0.528109837060441,-0.0289000000000054
"36_1C_13","36_1C","36",738,91,0,1,3.60555124282837,128,378.5,0.170000000000016,-0.0595000000000094
"36_1C_13","36_1C","36",739,91.125,0,1,3.72725701332092,127.63,378.15,0.509313263129893,0.0235999999999903
"36_1C_13","36_1C","36",740,91.25,0,1,4.30334234237671,127.85,377.85,0.372021504754728,-0.138399999999972
"36_1C_13","36_1C","36",741,91.375,0,1,3.72725701332092,127.63,378.15,0.372021504754728,0.0235999999999903
"36_1C_13","36_1C","36",742,91.5,0,1,3.60555124282837,128,378.5,0.509313263129893,-0.132699999999997
"36_1C_13","36_1C","36",743,91.625,0,1,3.94565057754517,127.84,378.29,0.264007575648863,-0.104199999999992
"36_1C_13","36_1C","36",744,91.75,0,1,3.86455106735229,128.15,378.55,0.404598566482874,-0.161500000000002
"36_1C_13","36_1C","36",745,91.875,0,1,3.61316752433777,127.78,378.37,0.411460812228827,-0.104800000000001
"36_1C_13","36_1C","36",746,92,0,1,3.60555124282837,128,378.5,0.255538646783609,-0.0652999999999983
"36_1C_13","36_1C","36",747,92.125,0,1,3.61316752433777,127.78,378.37,0.255538646783609,0.0167999999999998
"36_1C_13","36_1C","36",748,92.25,0,1,3.63458633422852,127.81,378.19,0.182482875908954,-0.0333000000000025
"36_1C_13","36_1C","36",749,92.375,0,1,3.61316752433777,127.78,378.37,0.182482875908954,-0.965100000000042
"36_1C_13","36_1C","36",750,92.5,0,1,3.79621624946594,129.41,373.28,5.34462346662516,2.03369999999987
"36_1C_13","36_1C","36",751,92.625,0,1,3.63458633422852,129.19,372.81,0.518941229813138,-0.0254999999999883
"36_1C_13","36_1C","36",752,92.75,0,1,3.61316752433777,129.37,372.78,0.182482875908958,0
"36_1C_13","36_1C","36",753,92.875,0,1,3.61316752433777,129.37,372.78,0,0
"36_1C_13","36_1C","36",754,93,0,1,4.27798509597778,129.27,373.25,0.480520551069384,-0.19880000000001
"36_1C_13","36_1C","36",755,93.125,0,1,3.63458633422852,129.19,372.81,0.447213595499958,0
"36_1C_13","36_1C","36",756,93.25,0,1,3.63458633422852,129.19,372.81,0,0
"36_1C_13","36_1C","36",757,93.375,0,0,NA,129.19,372.81,0,0
"36_1C_13","36_1C","36",758,93.5,0,0,NA,129.19,372.81,0,0
"36_1C_13","36_1C","36",759,93.625,0,1,4.85500192642212,130.61,364.35,8.57834482869508,-5.65519999999982
"36_1C_13","36_1C","36",760,93.75,0,1,5,130.5,365,0.65924198895396,0
"36_1C_13","36_1C","36",761,93.875,0,0,NA,130.5,365,0,0
"36_1C_13","36_1C","36",762,94,0,0,NA,130.5,365,0,0
"36_1C_13","36_1C","36",763,94.125,0,1,4.24264049530029,129.5,353.5,11.5433963806152,88.08
"36_1C_13","36_1C","36",764,94.25,0,1,3.9712381362915,127.67,346,7.72003238335177,-3.37679999999984
"36_1C_13","36_1C","36",765,94.375,0,1,4.4320182800293,127.63,346.46,0.461735855224588,-0.186399999999977
"36_1C_13","36_1C","36",766,94.5,0,1,4,127,346,0.78006409993024,-0.285099999999991
"36_1C_13","36_1C","36",767,94.625,0,1,4.27798509597778,127.27,346.25,0.367967389859479,0
"36_1C_13","36_1C","36",768,94.75,0,1,4.13320636749268,127.27,346.25,0,0
"36_1C_13","36_1C","36",769,94.875,0,1,4.24264049530029,127.5,346.5,0.339705755029263,-0.075700000000008
"36_1C_13","36_1C","36",770,95,0,1,3.79621624946594,127.41,346.28,0.237697286480121,0.113600000000013
"36_1C_13","36_1C","36",771,95.125,0,1,3.61316752433777,127.37,345.78,0.501597448159377,-0.0542000000000208
"36_1C_13","36_1C","36",772,95.25,0,1,4.30334234237671,127.85,345.85,0.485077313425393,-0.0758999999999887
"36_1C_13","36_1C","36",773,95.375,0,1,3.9712381362915,127.67,346,0.234307490277179,0
"36_1C_13","36_1C","36",774,95.5,0,1,3.9712381362915,127.67,346,0,0
"36_1C_13","36_1C","36",775,95.625,0,1,4.33298635482788,127.26,346.1,0.422018956920186,-0.178100000000002
"36_1C_13","36_1C","36",776,95.75,0,1,3.9712381362915,127.67,346,0.422018956920186,0
"36_1C_13","36_1C","36",777,95.875,0,0,NA,127.67,346,0,0
"36_1C_13","36_1C","36",778,96,0,1,4.00222158432007,125.56,338.75,7.55080128198326,9.89399999999981
"36_1C_13","36_1C","36",779,96.125,0,1,3.79621624946594,124.41,337.72,1.54382641511277,0.123100000000018
"36_1C_13","36_1C","36",780,96.25,0,1,4.24264049530029,124.5,337.5,0.237697286480121,-0.0565000000000126
"36_1C_13","36_1C","36",781,96.375,0,1,3.79621624946594,124.41,337.72,0.237697286480121,0
"36_1C_13","36_1C","36",782,96.5,0,1,3.79621624946594,124.41,337.72,0,0
"36_1C_13","36_1C","36",783,96.625,0,0,NA,124.41,337.72,0,0
"36_1C_13","36_1C","36",784,96.75,0,1,4.05183553695679,121.33,333,5.6360269694174,34.16
"36_1C_13","36_1C","36",785,96.875,0,1,4.69213390350342,116.89,328.66,6.20880020615898,14.3308000000002
"36_1C_13","36_1C","36",786,97,0,1,3.78349351882935,115.5,326.78,2.33805474700662,0
"36_1C_13","36_1C","36",787,97.125,0,0,NA,115.5,326.78,0,0
"36_1C_13","36_1C","36",788,97.25,0,1,3.61316752433777,108.63,322.78,7.94964779094018,0
"36_1C_13","36_1C","36",789,97.375,0,1,3.61316752433777,108.63,322.78,0,0
"36_1C_13","36_1C","36",790,97.5,0,1,3.61316752433777,108.63,322.78,0,0
"36_1C_13","36_1C","36",791,97.625,0,0,NA,108.63,322.78,0,0
"36_1C_13","36_1C","36",792,97.75,0,0,NA,108.63,322.78,0,0
"36_1C_13","36_1C","36",793,97.875,0,0,NA,108.63,322.78,0,0
"36_1C_13","36_1C","36",794,98,0,1,3.60555124282837,108.5,323,0.255538646783634,0
"36_1C_13","36_1C","36",795,98.125,0,0,NA,108.5,323,0,0
"36_1C_13","36_1C","36",796,98.25,0,0,NA,108.5,323,0,0
"36_1C_13","36_1C","36",797,98.375,0,1,3.61316752433777,108.63,322.78,0.255538646783634,0
"36_1C_13","36_1C","36",798,98.5,0,0,NA,108.63,322.78,0,0
"36_1C_13","36_1C","36",799,98.625,0,0,NA,108.63,322.78,0,0
"36_1C_13","36_1C","36",800,98.75,0,0,NA,108.63,322.78,0,0
"36_1C_13","36_1C","36",801,98.875,0,1,3.10949110984802,108.81,323,0.284253408071063,0
"36_1C_13","36_1C","36",802,99,0,0,NA,108.81,323,0,0
"36_1C_13","36_1C","36",803,99.125,0,0,NA,108.81,323,0,0
"36_1C_13","36_1C","36",804,99.25,0,0,NA,108.81,323,0,0
"36_1C_13","36_1C","36",805,99.375,0,0,NA,108.81,323,0,0
"36_1C_13","36_1C","36",806,99.5,0,1,3.61316752433777,108.63,322.78,0.284253408071063,0
"36_1C_13","36_1C","36",807,99.625,0,0,NA,108.63,322.78,0,0
"36_1C_13","36_1C","36",808,99.75,0,0,NA,108.63,322.78,0,0
"36_1C_13","36_1C","36",809,99.875,0,0,NA,108.63,322.78,0,0
"36_1C_13","36_1C","36",810,100,0,0,NA,108.63,322.78,0,0
"36_1C_13","36_1C","36",811,100.125,0,1,3.79097533226013,108.42,322.08,0.730821455623726,0
"36_1C_13","36_1C","36",812,100.25,0,0,NA,108.42,322.08,0,0
"36_1C_13","36_1C","36",813,100.375,0,1,3.61316752433777,108.63,322.78,0.730821455623726,0
"36_1C_13","36_1C","36",814,100.5,0,0,NA,108.63,322.78,0,0
"36_1C_13","36_1C","36",815,100.625,0,0,NA,108.63,322.78,0,0
"36_1C_13","36_1C","36",816,100.75,0,1,3.61316752433777,108.63,322.78,0,0
"36_1C_13","36_1C","36",817,100.875,0,0,NA,108.63,322.78,0,0
"36_1C_13","36_1C","36",818,101,0,0,NA,108.63,322.78,0,0
"36_1C_13","36_1C","36",819,101.125,0,1,3.61316752433777,108.63,322.78,0,0
"36_1C_13","36_1C","36",820,101.25,0,0,NA,108.63,322.78,0,0
"36_1C_13","36_1C","36",821,101.375,0,0,NA,108.63,322.78,0,0
"36_1C_13","36_1C","36",822,101.5,0,0,NA,108.63,322.78,0,0
"36_1C_13","36_1C","36",823,101.625,0,0,NA,108.63,322.78,0,0
"36_1C_13","36_1C","36",824,101.75,0,0,NA,108.63,322.78,0,0
"36_1C_13","36_1C","36",825,101.875,0,1,3.61316752433777,108.63,322.78,0,0
"36_1C_13","36_1C","36",826,102,0,0,NA,108.63,322.78,0,0
"36_1C_13","36_1C","36",827,102.125,0,0,NA,108.63,322.78,0,0
"36_1C_13","36_1C","36",828,102.25,0,0,NA,108.63,322.78,0,0
"36_1C_13","36_1C","36",829,102.375,0,1,4.48780488967896,106.05,321.11,3.07332067965578,5.7131
"36_1C_13","36_1C","36",830,102.5,0,1,5.74289274215698,104.58,319.96,1.86638688379448,3.4266
"36_1C_13","36_1C","36",831,102.625,0,1,4.4721360206604,103,319,1.84878338374185,0
"36_1C_13","36_1C","36",832,102.75,0,0,NA,103,319,0,0
"36_1C_13","36_1C","36",833,102.875,0,0,NA,103,319,0,0
"36_1C_13","36_1C","36",834,103,0,1,4.34192895889282,103,319.16,0.160000000000025,0
"36_1C_13","36_1C","36",835,103.125,0,0,NA,103,319.16,0,0
"36_1C_13","36_1C","36",836,103.25,0,1,4.34192895889282,103,319.16,0,0
"36_1C_13","36_1C","36",837,103.375,0,1,4.29617643356323,93.9,316.89,9.37885387454139,6.80529999999999
"36_1C_13","36_1C","36",838,103.5,0,1,4.56155300140381,93,317.5,1.0872442227945,0
"36_1C_13","36_1C","36",839,103.625,0,0,NA,93,317.5,0,0
"36_1C_13","36_1C","36",840,103.75,0,1,4.34192895889282,90.84,317,2.21711524283245,0
"36_1C_13","36_1C","36",841,103.875,0,0,NA,90.84,317,0,0
"36_1C_13","36_1C","36",842,104,0,1,4.3159761428833,90.69,317.14,0.205182845286827,0.0333000000000014
"36_1C_13","36_1C","36",843,104.125,0,1,3.79621624946594,90.72,317.41,0.271661554144161,-0.036900000000017
"36_1C_13","36_1C","36",844,104.25,0,1,4.27798509597778,90.75,317.27,0.143178210632806,-0.000900000000002626
"36_1C_13","36_1C","36",845,104.375,0,1,4.05183553695679,91,317.33,0.257099202643649,-0.0889000000000009
"36_1C_13","36_1C","36",846,104.5,0,1,4.3159761428833,90.69,317.14,0.363593179253958,-0.0668000000000104
"36_1C_13","36_1C","36",847,104.625,0,1,4.4032998085022,90.93,317.1,0.243310501211932,-0.0627999999999926
"36_1C_13","36_1C","36",848,104.75,0,1,3.79621624946594,90.72,317.41,0.374432904536987,-0.0497000000000142
"36_1C_13","36_1C","36",849,104.875,0,1,4.27798509597778,90.75,317.27,0.143178210632806,0.0164000000000048
"36_1C_13","36_1C","36",850,105,0,1,4.3159761428833,90.69,317.14,0.14317821063276,-0.009200000000006
"36_1C_13","36_1C","36",851,105.125,0,1,4.4032998085022,90.93,317.1,0.243310501211932,0
"36_1C_13","36_1C","36",852,105.25,0,0,NA,90.93,317.1,0,0
"36_1C_13","36_1C","36",853,105.375,0,1,4.27798509597778,90.75,317.27,0.247588368062776,0
"36_1C_13","36_1C","36",854,105.5,0,1,4.27798509597778,90.75,317.27,0,0
"36_1C_13","36_1C","36",855,105.625,0,0,NA,90.75,317.27,0,0
"36_1C_13","36_1C","36",856,105.75,0,1,4.27798509597778,90.75,317.27,0,0
"36_1C_13","36_1C","36",857,105.875,0,1,4.4032998085022,90.93,317.1,0.247588368062776,-0.0612999999999885
"36_1C_13","36_1C","36",858,106,0,1,4.27798509597778,90.75,317.27,0.247588368062776,-0.0348000000000038
"36_1C_13","36_1C","36",859,106.125,0,1,4.05183553695679,91,317.33,0.257099202643649,0
"36_1C_13","36_1C","36",860,106.25,0,0,NA,91,317.33,0,0
"36_1C_13","36_1C","36",861,106.375,0,0,NA,91,317.33,0,0
"36_1C_13","36_1C","36",862,106.5,0,1,4.4032998085022,90.93,317.1,0.240416305603387,0.00760000000000891
"36_1C_13","36_1C","36",863,106.625,0,1,4.3159761428833,90.69,317.14,0.243310501211932,0.00999999999999432
"36_1C_13","36_1C","36",864,106.75,0,1,4.18675136566162,90.67,317.27,0.131529464379654,0.40579999999995
"36_1C_13","36_1C","36",865,106.875,0,1,3.61316752433777,79.22,318.63,11.5304856792765,44.1348000000001
"36_1C_13","36_1C","36",866,107,0,1,4.69213390350342,75.66,321.11,4.33866338864864,8.65679999999996
"36_1C_13","36_1C","36",867,107.125,0,1,3.16227769851685,73.5,321.5,2.19492596686084,0
"36_1C_13","36_1C","36",868,107.25,0,1,3.16227769851685,73.5,321.5,0,0
"36_1C_13","36_1C","36",869,107.375,0,1,4.89960813522339,74.06,321.29,0.598080262172222,0.0454999999999906
"36_1C_13","36_1C","36",870,107.5,0,1,4.4032998085022,74.07,321.1,0.190262975904402,-0.0597999999999881
"36_1C_13","36_1C","36",871,107.625,0,1,3.61316752433777,73.22,321.37,0.891852005660121,-0.414199999999992
"36_1C_13","36_1C","36",872,107.75,0,1,3.79621624946594,73.72,321.41,0.50159744815938,0.136799999999997
"36_1C_13","36_1C","36",873,107.875,0,1,4.05183553695679,74,321.33,0.291204395571233,0
"36_1C_13","36_1C","36",874,108,0,0,NA,74,321.33,0,0
"36_1C_13","36_1C","36",875,108.125,0,1,3.10949110984802,73,321.19,1.00975244490915,-0.542999999999996
"36_1C_13","36_1C","36",876,108.25,0,1,3.83653593063354,73.55,321.14,0.552268050859361,-0.0204999999999974
"36_1C_13","36_1C","36",877,108.375,0,1,4.12310552597046,73.5,321,0.148660687473171,-0.0711999999999919
"36_1C_13","36_1C","36",878,108.5,0,1,3.9712381362915,74,321.33,0.599082632029998,0
"36_1C_13","36_1C","36",879,108.625,0,0,NA,74,321.33,0,0
"36_1C_13","36_1C","36",880,108.75,0,0,NA,74,321.33,0,0
"36_1C_13","36_1C","36",881,108.875,0,0,NA,74,321.33,0,0
"36_1C_13","36_1C","36",882,109,0,1,3.10949110984802,73,321.19,1.00975244490915,-0.542999999999996
"36_1C_13","36_1C","36",883,109.125,0,1,3.83653593063354,73.55,321.14,0.552268050859361,-0.0204999999999974
"36_1C_13","36_1C","36",884,109.25,0,1,4.12310552597046,73.5,321,0.148660687473171,-0.0683999999999972
"36_1C_13","36_1C","36",885,109.375,0,1,3.79621624946594,73.72,321.41,0.465295604965295,0
"36_1C_13","36_1C","36",886,109.5,0,0,NA,73.72,321.41,0,0
"36_1C_13","36_1C","36",887,109.625,0,1,3.10949110984802,73,321.19,0.752861208988755,0.565199999999995
"36_1C_13","36_1C","36",888,109.75,0,1,4.58990621566772,72.16,321.37,0.859069263796586,0
"36_1C_13","36_1C","36",889,109.875,0,0,NA,72.16,321.37,0,0
"36_1C_13","36_1C","36",890,110,0,1,3.10949110984802,70,322.81,2.59599691833407,0.633599999999996
"36_1C_13","36_1C","36",891,110.125,0,1,3.16227769851685,69.5,322.5,0.58830264320331,0
"36_1C_13","36_1C","36",892,110.25,0,0,NA,69.5,322.5,0,0
"36_1C_13","36_1C","36",893,110.375,0,0,NA,69.5,322.5,0,0
"36_1C_13","36_1C","36",894,110.5,0,0,NA,69.5,322.5,0,0
"36_1C_13","36_1C","36",895,110.625,0,1,3.10949110984802,70,322.81,0.58830264320331,-0.0961000000000014
"36_1C_13","36_1C","36",896,110.75,0,1,3.30277562141418,70,322.5,0.310000000000002,-0.108500000000008
"36_1C_13","36_1C","36",897,110.875,0,1,3.72725701332092,69.63,322.85,0.509313263129893,0
"36_1C_13","36_1C","36",898,111,0,0,NA,69.63,322.85,0,0
"36_1C_13","36_1C","36",899,111.125,0,1,3.63458633422852,69.81,323.19,0.384707681233408,0
"36_1C_13","36_1C","36",900,111.25,0,0,NA,69.81,323.19,0,0
"36_1C_13","36_1C","36",901,111.375,0,0,NA,69.81,323.19,0,0
"36_1C_13","36_1C","36",902,111.5,0,0,NA,69.81,323.19,0,0
"36_1C_13","36_1C","36",903,111.625,0,1,4.30334234237671,54.15,336.85,20.7805485971858,7.18699999999926
"36_1C_13","36_1C","36",904,111.75,0,1,3.61316752433777,53.63,336.78,0.524690384893799,-0.336000000000001
"36_1C_13","36_1C","36",905,111.875,0,1,4.33298635482788,54.26,336.9,0.641326749792955,0.278099999999999
"36_1C_13","36_1C","36",906,112,0,1,4.27798509597778,54.73,336.75,0.493355855341752,0
"36_1C_13","36_1C","36",907,112.125,0,0,NA,54.73,336.75,0,0
"36_1C_13","36_1C","36",908,112.25,0,1,3.79621624946594,54.41,336.72,0.321403173599762,-0.0222000000000063
"36_1C_13","36_1C","36",909,112.375,0,1,3.16227769851685,54.5,336.5,0.237697286480121,0.170100000000026
"36_1C_13","36_1C","36",910,112.5,0,1,3.61316752433777,54.63,335.78,0.731641988953641,-0.53530000000004
"36_1C_13","36_1C","36",911,112.625,0,1,3.16227769851685,54.5,336.5,0.731641988953641,0.218499999999989
"36_1C_13","36_1C","36",912,112.75,0,1,3.61316752433777,54.37,336.78,0.308706980808639,0
"36_1C_13","36_1C","36",913,112.875,0,0,NA,54.37,336.78,0,0
"36_1C_13","36_1C","36",914,113,0,1,3.84965634346008,54.3,336.21,0.574282160614442,-0.913800000000013
"36_1C_13","36_1C","36",915,113.125,0,1,4.01123428344727,54,337.85,1.66721324370944,-0.574000000000052
"36_1C_13","36_1C","36",916,113.25,0,1,3.30277562141418,54,337.5,0.350000000000023,-0.654500000000044
"36_1C_13","36_1C","36",917,113.375,0,1,3.61316752433777,52.78,339.37,2.23277853805522,0
"36_1C_13","36_1C","36",918,113.5,0,0,NA,52.78,339.37,0,0
"36_1C_13","36_1C","36",919,113.625,0,1,3.72725701332092,51.15,344.63,5.5067685624148,38.4057999999999
"36_1C_13","36_1C","36",920,113.75,0,1,4.13320636749268,48.37,351.07,7.01441373173838,8.84780000000003
"36_1C_13","36_1C","36",921,113.875,0,1,4.24264049530029,48.5,352.5,1.43589693223435,1.10369999999997
"36_1C_13","36_1C","36",922,114,0,1,3.79621624946594,48.41,353.28,0.785175139698117,0.217800000000023
"36_1C_13","36_1C","36",923,114.125,0,1,3.72684335708618,48.33,353.55,0.281602556806611,-0.0271000000000048
"36_1C_13","36_1C","36",924,114.25,0,1,3.16227769851685,48.5,353.5,0.177200451466698,0.00900000000000551
"36_1C_13","36_1C","36",925,114.375,0,1,3.86455106735229,48.45,353.15,0.353553390593296,-0.216500000000013
"36_1C_13","36_1C","36",926,114.5,0,1,3.61316752433777,48.37,353.78,0.635059052372293,0
"36_1C_13","36_1C","36",927,114.625,0,0,NA,48.37,353.78,0,0
"36_1C_13","36_1C","36",928,114.75,0,1,3.60555124282837,48.5,354,0.255538646783638,1.30780000000017
"36_1C_13","36_1C","36",929,114.875,0,1,3.61316752433777,47.78,360.37,6.41056159786333,-0.0504000000000001
"36_1C_13","36_1C","36",930,115,0,1,3.72725701332092,47.85,360.37,0.0700000000000003,-0.0104999999999999
"36_1C_13","36_1C","36",931,115.125,0,1,3.84965634346008,47.7,359.79,0.599082632029991,0
"36_1C_13","36_1C","36",932,115.25,0,0,NA,47.7,359.79,0,0
"36_1C_13","36_1C","36",933,115.375,0,0,NA,47.7,359.79,0,0
"36_1C_13","36_1C","36",934,115.5,0,0,NA,47.7,359.79,0,0
"36_1C_13","36_1C","36",935,115.625,0,1,4.24264049530029,48.5,366.5,6.75752173507416,27.5279999999999
"36_1C_13","36_1C","36",936,115.75,0,1,4.43828248977661,49.36,370.5,4.09140562643207,0.711400000000029
"36_1C_13","36_1C","36",937,115.875,0,1,4.30345630645752,49.35,370.68,0.180277563773206,0.76780000000003
"36_1C_13","36_1C","36",938,116,0,1,4.05183553695679,50.33,375,4.42976297334292,9.61999999999998
"36_1C_13","36_1C","36",939,116.125,0,1,4.05183553695679,51.33,377,2.23606797749979,0
"36_1C_13","36_1C","36",940,116.25,0,0,NA,51.33,377,0,0
"36_1C_13","36_1C","36",941,116.375,0,1,4.60857009887695,53.24,382.5,5.82220748513826,0
"36_1C_13","36_1C","36",942,116.5,0,0,NA,53.24,382.5,0,0
"36_1C_13","36_1C","36",943,116.625,0,0,NA,53.24,382.5,0,0
"36_1C_13","36_1C","36",944,116.75,0,1,3.60555124282837,62.5,393,13.9999142854519,1.17239999999978
"36_1C_13","36_1C","36",945,116.875,0,1,4.33298635482788,62.74,392.9,0.260000000000011,0.088400000000005
"36_1C_13","36_1C","36",946,117,0,1,4.20155477523804,63,392.64,0.367695526216997,-0.0936000000000003
"36_1C_13","36_1C","36",947,117.125,0,1,4,63,393,0.360000000000014,-0.12960000000001
"36_1C_13","36_1C","36",948,117.25,0,1,4.49510526657104,62.74,392.64,0.4440720662235,-0.197200000000009
"36_1C_13","36_1C","36",949,117.375,0,1,4.4721360206604,63,393,0.4440720662235,-0.0149999999999945
"36_1C_13","36_1C","36",950,117.5,0,1,4.30334234237671,63.15,392.85,0.212132034355947,0
"36_1C_13","36_1C","36",951,117.625,0,1,4.30334234237671,63.15,392.85,0,0
"36_1C_13","36_1C","36",952,117.75,0,1,4.30334234237671,62.85,392.85,0.299999999999997,0.065999999999999
"36_1C_13","36_1C","36",953,117.875,0,1,3.61316752433777,62.63,392.78,0.230867927612318,-0.12099999999999
"36_1C_13","36_1C","36",954,118,0,1,4.00222158432007,63.25,392.56,0.657875368135929,-0.271800000000003
"36_1C_13","36_1C","36",955,118.125,0,1,4.18675136566162,62.73,392.33,0.56859475903319,-0.122900000000018
"36_1C_13","36_1C","36",956,118.25,0,1,3.9712381362915,62.67,393,0.672681202353701,-0.111299999999986
"36_1C_13","36_1C","36",957,118.375,0,1,4.30334234237671,62.85,392.85,0.234307490277185,-0.0854999999999933
"36_1C_13","36_1C","36",958,118.5,0,1,3.60555124282837,62.5,393,0.380788655293188,-0.0785000000000002
"36_1C_13","36_1C","36",959,118.625,0,1,3.61316752433777,62.63,392.78,0.255538646783638,-0.0203000000000067
"36_1C_13","36_1C","36",960,118.75,0,1,4.69213390350342,62.66,392.89,0.114017542509925,0.380600000000022
"36_1C_13","36_1C","36",961,118.875,0,1,4.4320182800293,65.63,395.54,3.98037686657937,14.2772
"36_1C_13","36_1C","36",962,119,0,1,4.53220129013062,68.84,397.33,3.67535032343856,5.96750182189939
"36_1C_13","36_1C","36",963,119.125,0,2,4.46820449829102,69.881721496582,398.795684814453,1.79817008421329,1.63349281381655
"36_1C_13","36_1C","36",964,119.25,0,1,4.60857009887695,71.5,398.76,1.61867190023403,0.800574896240232
"36_1C_13","36_1C","36",965,119.375,0,1,4.4721360206604,72,399,0.554616984954486,-0.0390000000000069
"36_1C_13","36_1C","36",966,119.5,0,1,4.30334234237671,71.85,399.15,0.212132034355952,-0.0209999999999945
"36_1C_13","36_1C","36",967,119.625,0,1,4.34192895889282,71.84,399,0.150332963783706,0.02629999999999
"36_1C_13","36_1C","36",968,119.75,0,1,4.3159761428833,71.31,398.86,0.548178802946627,-0.220499999999994
"36_1C_13","36_1C","36",969,119.875,0,1,4.69213390350342,71.66,399.11,0.430116263352127,0
"36_1C_13","36_1C","36",970,120,0,0,NA,71.66,399.11,0,0
"36_1C_13","36_1C","36",971,120.125,0,1,4.30334234237671,83.15,402.85,12.0833645976607,1.6193999999999
"36_1C_13","36_1C","36",972,120.25,0,1,4.18675136566162,83.33,402.73,0.216333076527836,0
"36_1C_13","36_1C","36",973,120.375,0,1,4.18675136566162,83.33,402.73,0,0
"36_1C_13","36_1C","36",974,120.5,0,1,4.18675136566162,83.33,402.73,0,0
"36_1C_13","36_1C","36",975,120.625,0,1,4.18675136566162,83.33,402.73,0,0
"36_1C_13","36_1C","36",976,120.75,0,0,NA,83.33,402.73,0,0
"36_1C_13","36_1C","36",977,120.875,0,1,3.94565057754517,83.16,402.71,0.171172427686243,-0.00859999999999771
"36_1C_13","36_1C","36",978,121,0,1,3.61316752433777,83.22,402.63,0.0999999999999886,-0.0399999999999955
"36_1C_13","36_1C","36",979,121.125,0,1,4.29617643356323,82.9,402.89,0.412310562561755,-0.0527999999999926
"36_1C_13","36_1C","36",980,121.25,0,1,3.10949110984802,83,402.81,0.128062484748643,0.0348000000000004
"36_1C_13","36_1C","36",981,121.375,0,1,4.12310552597046,83.5,403,0.534883164812652,0
"36_1C_13","36_1C","36",982,121.5,0,0,NA,83.5,403,0,0
"36_1C_13","36_1C","36",983,121.625,0,1,3.60555124282837,83,402.5,0.707106781186548,-0.335000000000008
"36_1C_13","36_1C","36",984,121.75,0,1,4.3159761428833,83.31,402.86,0.4750789408088,0.0815999999999971
"36_1C_13","36_1C","36",985,121.875,0,1,3.63458633422852,83.19,403.19,0.351140997321575,0
"36_1C_13","36_1C","36",986,122,0,0,NA,83.19,403.19,0,0
"36_1C_13","36_1C","36",987,122.125,0,0,NA,83.19,403.19,0,0
"36_1C_13","36_1C","36",988,122.25,0,0,NA,83.19,403.19,0,0
"36_1C_13","36_1C","36",989,122.375,0,0,NA,83.19,403.19,0,0
"36_1C_13","36_1C","36",990,122.5,0,1,3.10949110984802,83,402.81,0.424852915724955,-0.0721999999999983
"36_1C_13","36_1C","36",991,122.625,0,1,4,83,403,0.189999999999998,-0.0360999999999991
"36_1C_13","36_1C","36",992,122.75,0,1,3.10949110984802,83,402.81,0.189999999999998,0
"36_1C_13","36_1C","36",993,122.875,0,1,3.10949110984802,83,402.81,0,0
"36_1C_13","36_1C","36",994,123,0,1,3.61316752433777,82.78,402.63,0.284253408071041,NA
