"fname","cop_name","plate","frame","sec","drop","blobs","blob_size","x","y","distance","dot_product"
"39_5B_21","39_5B","39",0,-1,0,0,NA,582,213.19,NA,NA
"39_5B_21","39_5B","39",1,-0.875,0,0,NA,582,213.19,0,0
"39_5B_21","39_5B","39",2,-0.75,0,0,NA,582,213.19,0,0
"39_5B_21","39_5B","39",3,-0.625,0,0,NA,582,213.19,0,0
"39_5B_21","39_5B","39",4,-0.5,0,0,NA,582,213.19,0,0
"39_5B_21","39_5B","39",5,-0.375,0,0,NA,582,213.19,0,0
"39_5B_21","39_5B","39",6,-0.25,0,0,NA,582,213.19,0,0
"39_5B_21","39_5B","39",7,-0.125,0,0,NA,582,213.19,0,0
"39_5B_21","39_5B","39",8,0,0,0,NA,582,213.19,0,0
"39_5B_21","39_5B","39",9,0.125,0,0,NA,582,213.19,0,0
"39_5B_21","39_5B","39",10,0.25,0,0,NA,582,213.19,0,0
"39_5B_21","39_5B","39",11,0.375,0,0,NA,582,213.19,0,0
"39_5B_21","39_5B","39",12,0.5,0,0,NA,582,213.19,0,0
"39_5B_21","39_5B","39",13,0.625,0,0,NA,582,213.19,0,0
"39_5B_21","39_5B","39",14,0.75,0,0,NA,582,213.19,0,0
"39_5B_21","39_5B","39",15,0.875,0,0,NA,582,213.19,0,0
"39_5B_21","39_5B","39",16,1,0,0,NA,582,213.19,0,0
"39_5B_21","39_5B","39",17,1.125,0,0,NA,582,213.19,0,0
"39_5B_21","39_5B","39",18,1.25,0,0,NA,582,213.19,0,0
"39_5B_21","39_5B","39",19,1.375,0,0,NA,582,213.19,0,0
"39_5B_21","39_5B","39",20,1.5,0,0,NA,582,213.19,0,0
"39_5B_21","39_5B","39",21,1.625,0,0,NA,582,213.19,0,0
"39_5B_21","39_5B","39",22,1.75,0,0,NA,582,213.19,0,0
"39_5B_21","39_5B","39",23,1.875,0,0,NA,582,213.19,0,0
"39_5B_21","39_5B","39",24,2,0,0,NA,582,213.19,0,0
"39_5B_21","39_5B","39",25,2.125,0,0,NA,582,213.19,0,0
"39_5B_21","39_5B","39",26,2.25,0,0,NA,582,213.19,0,0
"39_5B_21","39_5B","39",27,2.375,0,0,NA,582,213.19,0,0
"39_5B_21","39_5B","39",28,2.5,0,0,NA,582,213.19,0,0
"39_5B_21","39_5B","39",29,2.625,0,0,NA,582,213.19,0,0
"39_5B_21","39_5B","39",30,2.75,0,0,NA,582,213.19,0,0
"39_5B_21","39_5B","39",31,2.875,0,0,NA,582,213.19,0,0
"39_5B_21","39_5B","39",32,3,0,0,NA,582,213.19,0,0
"39_5B_21","39_5B","39",33,3.125,0,0,NA,582,213.19,0,0
"39_5B_21","39_5B","39",34,3.25,0,0,NA,582,213.19,0,0
"39_5B_21","39_5B","39",35,3.375,0,0,NA,582,213.19,0,0
"39_5B_21","39_5B","39",36,3.5,0,0,NA,582,213.19,0,0
"39_5B_21","39_5B","39",37,3.625,0,0,NA,582,213.19,0,0
"39_5B_21","39_5B","39",38,3.75,0,0,NA,582,213.19,0,0
"39_5B_21","39_5B","39",39,3.875,0,0,NA,582,213.19,0,0
"39_5B_21","39_5B","39",40,4,0,0,NA,582,213.19,0,0
"39_5B_21","39_5B","39",41,4.125,0,0,NA,582,213.19,0,0
"39_5B_21","39_5B","39",42,4.25,0,0,NA,582,213.19,0,0
"39_5B_21","39_5B","39",43,4.375,0,0,NA,582,213.19,0,0
"39_5B_21","39_5B","39",44,4.5,0,0,NA,582,213.19,0,0
"39_5B_21","39_5B","39",45,4.625,0,0,NA,582,213.19,0,0
"39_5B_21","39_5B","39",46,4.75,0,0,NA,582,213.19,0,0
"39_5B_21","39_5B","39",47,4.875,0,0,NA,582,213.19,0,0
"39_5B_21","39_5B","39",48,5,0,0,NA,582,213.19,0,0
"39_5B_21","39_5B","39",49,5.125,0,0,NA,582,213.19,0,0
"39_5B_21","39_5B","39",50,5.25,0,0,NA,582,213.19,0,0
"39_5B_21","39_5B","39",51,5.375,0,0,NA,582,213.19,0,0
"39_5B_21","39_5B","39",52,5.5,0,0,NA,582,213.19,0,0
"39_5B_21","39_5B","39",53,5.625,0,0,NA,582,213.19,0,0
"39_5B_21","39_5B","39",54,5.75,0,0,NA,582,213.19,0,0
"39_5B_21","39_5B","39",55,5.875,0,0,NA,582,213.19,0,0
"39_5B_21","39_5B","39",56,6,0,0,NA,582,213.19,0,0
"39_5B_21","39_5B","39",57,6.125,0,0,NA,582,213.19,0,0
"39_5B_21","39_5B","39",58,6.25,0,0,NA,582,213.19,0,0
"39_5B_21","39_5B","39",59,6.375,0,0,NA,582,213.19,0,0
"39_5B_21","39_5B","39",60,6.5,0,0,NA,582,213.19,0,0
"39_5B_21","39_5B","39",61,6.625,0,0,NA,582,213.19,0,0
"39_5B_21","39_5B","39",62,6.75,0,0,NA,582,213.19,0,0
"39_5B_21","39_5B","39",63,6.875,0,0,NA,582,213.19,0,0
"39_5B_21","39_5B","39",64,7,0,0,NA,582,213.19,0,0
"39_5B_21","39_5B","39",65,7.125,0,0,NA,582,213.19,0,0
"39_5B_21","39_5B","39",66,7.25,0,0,NA,582,213.19,0,0
"39_5B_21","39_5B","39",67,7.375,0,0,NA,582,213.19,0,0
"39_5B_21","39_5B","39",68,7.5,0,0,NA,582,213.19,0,0
"39_5B_21","39_5B","39",69,7.625,0,0,NA,582,213.19,0,0
"39_5B_21","39_5B","39",70,7.75,0,0,NA,582,213.19,0,0
"39_5B_21","39_5B","39",71,7.875,0,0,NA,582,213.19,0,0
"39_5B_21","39_5B","39",72,8,0,0,NA,582,213.19,0,0
"39_5B_21","39_5B","39",73,8.125,0,0,NA,582,213.19,0,0
"39_5B_21","39_5B","39",74,8.25,0,0,NA,582,213.19,0,0
"39_5B_21","39_5B","39",75,8.375,0,0,NA,582,213.19,0,0
"39_5B_21","39_5B","39",76,8.5,0,0,NA,582,213.19,0,0
"39_5B_21","39_5B","39",77,8.625,0,0,NA,582,213.19,0,0
"39_5B_21","39_5B","39",78,8.75,0,0,NA,582,213.19,0,0
"39_5B_21","39_5B","39",79,8.875,0,0,NA,582,213.19,0,0
"39_5B_21","39_5B","39",80,9,0,0,NA,582,213.19,0,0
"39_5B_21","39_5B","39",81,9.125,0,0,NA,582,213.19,0,0
"39_5B_21","39_5B","39",82,9.25,0,0,NA,582,213.19,0,0
"39_5B_21","39_5B","39",83,9.375,0,0,NA,582,213.19,0,0
"39_5B_21","39_5B","39",84,9.5,0,0,NA,582,213.19,0,0
"39_5B_21","39_5B","39",85,9.625,0,0,NA,582,213.19,0,0
"39_5B_21","39_5B","39",86,9.75,0,0,NA,582,213.19,0,0
"39_5B_21","39_5B","39",87,9.875,0,0,NA,582,213.19,0,0
"39_5B_21","39_5B","39",88,10,0,0,NA,582,213.19,0,0
"39_5B_21","39_5B","39",89,10.125,0,0,NA,582,213.19,0,0
"39_5B_21","39_5B","39",90,10.25,0,0,NA,582,213.19,0,0
"39_5B_21","39_5B","39",91,10.375,0,0,NA,582,213.19,0,0
"39_5B_21","39_5B","39",92,10.5,0,0,NA,582,213.19,0,0
"39_5B_21","39_5B","39",93,10.625,0,0,NA,582,213.19,0,0
"39_5B_21","39_5B","39",94,10.75,0,0,NA,582,213.19,0,0
"39_5B_21","39_5B","39",95,10.875,0,0,NA,582,213.19,0,0
"39_5B_21","39_5B","39",96,11,0,0,NA,582,213.19,0,0
"39_5B_21","39_5B","39",97,11.125,0,0,NA,582,213.19,0,0
"39_5B_21","39_5B","39",98,11.25,0,0,NA,582,213.19,0,0
"39_5B_21","39_5B","39",99,11.375,0,0,NA,582,213.19,0,0
"39_5B_21","39_5B","39",100,11.5,0,0,NA,582,213.19,0,0
"39_5B_21","39_5B","39",101,11.625,0,0,NA,582,213.19,0,0
"39_5B_21","39_5B","39",102,11.75,0,0,NA,582,213.19,0,0
"39_5B_21","39_5B","39",103,11.875,0,0,NA,582,213.19,0,0
"39_5B_21","39_5B","39",104,12,0,0,NA,582,213.19,0,0
"39_5B_21","39_5B","39",105,12.125,0,0,NA,582,213.19,0,0
"39_5B_21","39_5B","39",106,12.25,0,0,NA,582,213.19,0,0
"39_5B_21","39_5B","39",107,12.375,0,0,NA,582,213.19,0,0
"39_5B_21","39_5B","39",108,12.5,0,0,NA,582,213.19,0,0
"39_5B_21","39_5B","39",109,12.625,0,0,NA,582,213.19,0,0
"39_5B_21","39_5B","39",110,12.75,0,0,NA,582,213.19,0,0
"39_5B_21","39_5B","39",111,12.875,0,0,NA,582,213.19,0,0
"39_5B_21","39_5B","39",112,13,0,0,NA,582,213.19,0,0
"39_5B_21","39_5B","39",113,13.125,0,0,NA,582,213.19,0,0
"39_5B_21","39_5B","39",114,13.25,0,0,NA,582,213.19,0,0
"39_5B_21","39_5B","39",115,13.375,0,1,3.10949110984802,582,213.19,0,0
"39_5B_21","39_5B","39",116,13.5,0,0,NA,582,213.19,0,0
"39_5B_21","39_5B","39",117,13.625,0,0,NA,582,213.19,0,0
"39_5B_21","39_5B","39",118,13.75,0,0,NA,582,213.19,0,0
"39_5B_21","39_5B","39",119,13.875,0,0,NA,582,213.19,0,0
"39_5B_21","39_5B","39",120,14,0,0,NA,582,213.19,0,0
"39_5B_21","39_5B","39",121,14.125,0,0,NA,582,213.19,0,0
"39_5B_21","39_5B","39",122,14.25,0,0,NA,582,213.19,0,0
"39_5B_21","39_5B","39",123,14.375,0,0,NA,582,213.19,0,0
"39_5B_21","39_5B","39",124,14.5,0,0,NA,582,213.19,0,0
"39_5B_21","39_5B","39",125,14.625,0,0,NA,582,213.19,0,0
"39_5B_21","39_5B","39",126,14.75,0,0,NA,582,213.19,0,0
"39_5B_21","39_5B","39",127,14.875,0,0,NA,582,213.19,0,0
"39_5B_21","39_5B","39",128,15,0,0,NA,582,213.19,0,0
"39_5B_21","39_5B","39",129,15.125,0,0,NA,582,213.19,0,0
"39_5B_21","39_5B","39",130,15.25,0,0,NA,582,213.19,0,0
"39_5B_21","39_5B","39",131,15.375,0,0,NA,582,213.19,0,0
"39_5B_21","39_5B","39",132,15.5,0,0,NA,582,213.19,0,0
"39_5B_21","39_5B","39",133,15.625,0,0,NA,582,213.19,0,0
"39_5B_21","39_5B","39",134,15.75,0,0,NA,582,213.19,0,0
"39_5B_21","39_5B","39",135,15.875,0,0,NA,582,213.19,0,0
"39_5B_21","39_5B","39",136,16,0,0,NA,582,213.19,0,0
"39_5B_21","39_5B","39",137,16.125,0,0,NA,582,213.19,0,0
"39_5B_21","39_5B","39",138,16.25,0,0,NA,582,213.19,0,0
"39_5B_21","39_5B","39",139,16.375,0,0,NA,582,213.19,0,0
"39_5B_21","39_5B","39",140,16.5,0,0,NA,582,213.19,0,0
"39_5B_21","39_5B","39",141,16.625,0,0,NA,582,213.19,0,0
"39_5B_21","39_5B","39",142,16.75,0,0,NA,582,213.19,0,0
"39_5B_21","39_5B","39",143,16.875,0,0,NA,582,213.19,0,0
"39_5B_21","39_5B","39",144,17,0,0,NA,582,213.19,0,0
"39_5B_21","39_5B","39",145,17.125,0,0,NA,582,213.19,0,0
"39_5B_21","39_5B","39",146,17.25,0,0,NA,582,213.19,0,0
"39_5B_21","39_5B","39",147,17.375,0,0,NA,582,213.19,0,0
"39_5B_21","39_5B","39",148,17.5,0,0,NA,582,213.19,0,0
"39_5B_21","39_5B","39",149,17.625,0,0,NA,582,213.19,0,0
"39_5B_21","39_5B","39",150,17.75,0,0,NA,582,213.19,0,0
"39_5B_21","39_5B","39",151,17.875,0,0,NA,582,213.19,0,0
"39_5B_21","39_5B","39",152,18,0,0,NA,582,213.19,0,0
"39_5B_21","39_5B","39",153,18.125,0,0,NA,582,213.19,0,0
"39_5B_21","39_5B","39",154,18.25,0,0,NA,582,213.19,0,0
"39_5B_21","39_5B","39",155,18.375,0,0,NA,582,213.19,0,0
"39_5B_21","39_5B","39",156,18.5,0,0,NA,582,213.19,0,0
"39_5B_21","39_5B","39",157,18.625,0,0,NA,582,213.19,0,0
"39_5B_21","39_5B","39",158,18.75,0,0,NA,582,213.19,0,0
"39_5B_21","39_5B","39",159,18.875,0,0,NA,582,213.19,0,0
"39_5B_21","39_5B","39",160,19,0,0,NA,582,213.19,0,0
"39_5B_21","39_5B","39",161,19.125,0,0,NA,582,213.19,0,0
"39_5B_21","39_5B","39",162,19.25,0,0,NA,582,213.19,0,0
"39_5B_21","39_5B","39",163,19.375,0,0,NA,582,213.19,0,0
"39_5B_21","39_5B","39",164,19.5,0,0,NA,582,213.19,0,0
"39_5B_21","39_5B","39",165,19.625,0,0,NA,582,213.19,0,0
"39_5B_21","39_5B","39",166,19.75,0,0,NA,582,213.19,0,0
"39_5B_21","39_5B","39",167,19.875,0,0,NA,582,213.19,0,0
"39_5B_21","39_5B","39",168,20,0,0,NA,582,213.19,0,0
"39_5B_21","39_5B","39",169,20.125,0,0,NA,582,213.19,0,0
"39_5B_21","39_5B","39",170,20.25,0,0,NA,582,213.19,0,0
"39_5B_21","39_5B","39",171,20.375,0,0,NA,582,213.19,0,0
"39_5B_21","39_5B","39",172,20.5,0,0,NA,582,213.19,0,0
"39_5B_21","39_5B","39",173,20.625,0,0,NA,582,213.19,0,0
"39_5B_21","39_5B","39",174,20.75,0,0,NA,582,213.19,0,0
"39_5B_21","39_5B","39",175,20.875,0,0,NA,582,213.19,0,0
"39_5B_21","39_5B","39",176,21,0,0,NA,582,213.19,0,0
"39_5B_21","39_5B","39",177,21.125,0,0,NA,582,213.19,0,0
"39_5B_21","39_5B","39",178,21.25,0,0,NA,582,213.19,0,0
"39_5B_21","39_5B","39",179,21.375,0,0,NA,582,213.19,0,0
"39_5B_21","39_5B","39",180,21.5,0,0,NA,582,213.19,0,0
"39_5B_21","39_5B","39",181,21.625,0,0,NA,582,213.19,0,0
"39_5B_21","39_5B","39",182,21.75,0,0,NA,582,213.19,0,0
"39_5B_21","39_5B","39",183,21.875,0,0,NA,582,213.19,0,0
"39_5B_21","39_5B","39",184,22,0,0,NA,582,213.19,0,0
"39_5B_21","39_5B","39",185,22.125,0,0,NA,582,213.19,0,0
"39_5B_21","39_5B","39",186,22.25,0,0,NA,582,213.19,0,0
"39_5B_21","39_5B","39",187,22.375,0,0,NA,582,213.19,0,0
"39_5B_21","39_5B","39",188,22.5,0,0,NA,582,213.19,0,0
"39_5B_21","39_5B","39",189,22.625,0,0,NA,582,213.19,0,0
"39_5B_21","39_5B","39",190,22.75,0,0,NA,582,213.19,0,0
"39_5B_21","39_5B","39",191,22.875,0,0,NA,582,213.19,0,0
"39_5B_21","39_5B","39",192,23,0,0,NA,582,213.19,0,0
"39_5B_21","39_5B","39",193,23.125,0,0,NA,582,213.19,0,0
"39_5B_21","39_5B","39",194,23.25,0,0,NA,582,213.19,0,0
"39_5B_21","39_5B","39",195,23.375,0,0,NA,582,213.19,0,0
"39_5B_21","39_5B","39",196,23.5,0,0,NA,582,213.19,0,0
"39_5B_21","39_5B","39",197,23.625,0,0,NA,582,213.19,0,0
"39_5B_21","39_5B","39",198,23.75,0,0,NA,582,213.19,0,0
"39_5B_21","39_5B","39",199,23.875,0,0,NA,582,213.19,0,0
"39_5B_21","39_5B","39",200,24,0,0,NA,582,213.19,0,0
"39_5B_21","39_5B","39",201,24.125,0,0,NA,582,213.19,0,0
"39_5B_21","39_5B","39",202,24.25,0,0,NA,582,213.19,0,0
"39_5B_21","39_5B","39",203,24.375,0,0,NA,582,213.19,0,0
"39_5B_21","39_5B","39",204,24.5,0,0,NA,582,213.19,0,0
"39_5B_21","39_5B","39",205,24.625,0,0,NA,582,213.19,0,0
"39_5B_21","39_5B","39",206,24.75,0,0,NA,582,213.19,0,0
"39_5B_21","39_5B","39",207,24.875,0,0,NA,582,213.19,0,0
"39_5B_21","39_5B","39",208,25,0,0,NA,582,213.19,0,0
"39_5B_21","39_5B","39",209,25.125,0,0,NA,582,213.19,0,0
"39_5B_21","39_5B","39",210,25.25,0,0,NA,582,213.19,0,0
"39_5B_21","39_5B","39",211,25.375,0,0,NA,582,213.19,0,0
"39_5B_21","39_5B","39",212,25.5,0,0,NA,582,213.19,0,0
"39_5B_21","39_5B","39",213,25.625,0,0,NA,582,213.19,0,0
"39_5B_21","39_5B","39",214,25.75,0,0,NA,582,213.19,0,0
"39_5B_21","39_5B","39",215,25.875,0,0,NA,582,213.19,0,0
"39_5B_21","39_5B","39",216,26,0,0,NA,582,213.19,0,0
"39_5B_21","39_5B","39",217,26.125,0,0,NA,582,213.19,0,0
"39_5B_21","39_5B","39",218,26.25,0,0,NA,582,213.19,0,0
"39_5B_21","39_5B","39",219,26.375,0,0,NA,582,213.19,0,0
"39_5B_21","39_5B","39",220,26.5,0,0,NA,582,213.19,0,0
"39_5B_21","39_5B","39",221,26.625,0,0,NA,582,213.19,0,0
"39_5B_21","39_5B","39",222,26.75,0,0,NA,582,213.19,0,0
"39_5B_21","39_5B","39",223,26.875,0,0,NA,582,213.19,0,0
"39_5B_21","39_5B","39",224,27,0,0,NA,582,213.19,0,0
"39_5B_21","39_5B","39",225,27.125,0,0,NA,582,213.19,0,0
"39_5B_21","39_5B","39",226,27.25,0,0,NA,582,213.19,0,0
"39_5B_21","39_5B","39",227,27.375,0,0,NA,582,213.19,0,0
"39_5B_21","39_5B","39",228,27.5,0,0,NA,582,213.19,0,0
"39_5B_21","39_5B","39",229,27.625,0,0,NA,582,213.19,0,0
"39_5B_21","39_5B","39",230,27.75,0,0,NA,582,213.19,0,0
"39_5B_21","39_5B","39",231,27.875,0,0,NA,582,213.19,0,0
"39_5B_21","39_5B","39",232,28,0,0,NA,582,213.19,0,0
"39_5B_21","39_5B","39",233,28.125,0,0,NA,582,213.19,0,0
"39_5B_21","39_5B","39",234,28.25,0,0,NA,582,213.19,0,0
"39_5B_21","39_5B","39",235,28.375,0,0,NA,582,213.19,0,0
"39_5B_21","39_5B","39",236,28.5,0,0,NA,582,213.19,0,0
"39_5B_21","39_5B","39",237,28.625,0,0,NA,582,213.19,0,0
"39_5B_21","39_5B","39",238,28.75,0,0,NA,582,213.19,0,0
"39_5B_21","39_5B","39",239,28.875,0,0,NA,582,213.19,0,0
"39_5B_21","39_5B","39",240,29,0,0,NA,582,213.19,0,0
"39_5B_21","39_5B","39",241,29.125,0,0,NA,582,213.19,0,0
"39_5B_21","39_5B","39",242,29.25,0,0,NA,582,213.19,0,0
"39_5B_21","39_5B","39",243,29.375,0,0,NA,582,213.19,0,0
"39_5B_21","39_5B","39",244,29.5,0,0,NA,582,213.19,0,0
"39_5B_21","39_5B","39",245,29.625,0,0,NA,582,213.19,0,0
"39_5B_21","39_5B","39",246,29.75,0,0,NA,582,213.19,0,0
"39_5B_21","39_5B","39",247,29.875,0,0,NA,582,213.19,0,0
"39_5B_21","39_5B","39",248,30,0,0,NA,582,213.19,0,0
"39_5B_21","39_5B","39",249,30.125,0,0,NA,582,213.19,0,0
"39_5B_21","39_5B","39",250,30.25,0,0,NA,582,213.19,0,0
"39_5B_21","39_5B","39",251,30.375,0,0,NA,582,213.19,0,0
"39_5B_21","39_5B","39",252,30.5,0,0,NA,582,213.19,0,0
"39_5B_21","39_5B","39",253,30.625,0,0,NA,582,213.19,0,0
"39_5B_21","39_5B","39",254,30.75,0,0,NA,582,213.19,0,0
"39_5B_21","39_5B","39",255,30.875,0,0,NA,582,213.19,0,0
"39_5B_21","39_5B","39",256,31,0,0,NA,582,213.19,0,0
"39_5B_21","39_5B","39",257,31.125,0,0,NA,582,213.19,0,0
"39_5B_21","39_5B","39",258,31.25,0,0,NA,582,213.19,0,0
"39_5B_21","39_5B","39",259,31.375,0,0,NA,582,213.19,0,0
"39_5B_21","39_5B","39",260,31.5,0,0,NA,582,213.19,0,0
"39_5B_21","39_5B","39",261,31.625,0,0,NA,582,213.19,0,0
"39_5B_21","39_5B","39",262,31.75,0,0,NA,582,213.19,0,0
"39_5B_21","39_5B","39",263,31.875,0,0,NA,582,213.19,0,0
"39_5B_21","39_5B","39",264,32,0,0,NA,582,213.19,0,0
"39_5B_21","39_5B","39",265,32.125,0,0,NA,582,213.19,0,0
"39_5B_21","39_5B","39",266,32.25,0,0,NA,582,213.19,0,0
"39_5B_21","39_5B","39",267,32.375,0,0,NA,582,213.19,0,0
"39_5B_21","39_5B","39",268,32.5,0,0,NA,582,213.19,0,0
"39_5B_21","39_5B","39",269,32.625,0,0,NA,582,213.19,0,0
"39_5B_21","39_5B","39",270,32.75,0,0,NA,582,213.19,0,0
"39_5B_21","39_5B","39",271,32.875,0,0,NA,582,213.19,0,0
"39_5B_21","39_5B","39",272,33,0,0,NA,582,213.19,0,0
"39_5B_21","39_5B","39",273,33.125,0,0,NA,582,213.19,0,0
"39_5B_21","39_5B","39",274,33.25,0,0,NA,582,213.19,0,0
"39_5B_21","39_5B","39",275,33.375,0,0,NA,582,213.19,0,0
"39_5B_21","39_5B","39",276,33.5,0,0,NA,582,213.19,0,0
"39_5B_21","39_5B","39",277,33.625,0,0,NA,582,213.19,0,0
"39_5B_21","39_5B","39",278,33.75,0,0,NA,582,213.19,0,0
"39_5B_21","39_5B","39",279,33.875,0,0,NA,582,213.19,0,0
"39_5B_21","39_5B","39",280,34,0,0,NA,582,213.19,0,0
"39_5B_21","39_5B","39",281,34.125,0,0,NA,582,213.19,0,0
"39_5B_21","39_5B","39",282,34.25,0,0,NA,582,213.19,0,0
"39_5B_21","39_5B","39",283,34.375,0,0,NA,582,213.19,0,0
"39_5B_21","39_5B","39",284,34.5,0,0,NA,582,213.19,0,0
"39_5B_21","39_5B","39",285,34.625,0,0,NA,582,213.19,0,0
"39_5B_21","39_5B","39",286,34.75,0,0,NA,582,213.19,0,0
"39_5B_21","39_5B","39",287,34.875,0,0,NA,582,213.19,0,0
"39_5B_21","39_5B","39",288,35,0,0,NA,582,213.19,0,0
"39_5B_21","39_5B","39",289,35.125,0,0,NA,582,213.19,0,0
"39_5B_21","39_5B","39",290,35.25,0,0,NA,582,213.19,0,0
"39_5B_21","39_5B","39",291,35.375,0,0,NA,582,213.19,0,0
"39_5B_21","39_5B","39",292,35.5,0,0,NA,582,213.19,0,0
"39_5B_21","39_5B","39",293,35.625,0,0,NA,582,213.19,0,0
"39_5B_21","39_5B","39",294,35.75,0,0,NA,582,213.19,0,0
"39_5B_21","39_5B","39",295,35.875,0,0,NA,582,213.19,0,0
"39_5B_21","39_5B","39",296,36,0,0,NA,582,213.19,0,0
"39_5B_21","39_5B","39",297,36.125,0,0,NA,582,213.19,0,0
"39_5B_21","39_5B","39",298,36.25,0,0,NA,582,213.19,0,0
"39_5B_21","39_5B","39",299,36.375,0,0,NA,582,213.19,0,0
"39_5B_21","39_5B","39",300,36.5,0,0,NA,582,213.19,0,0
"39_5B_21","39_5B","39",301,36.625,0,0,NA,582,213.19,0,0
"39_5B_21","39_5B","39",302,36.75,0,0,NA,582,213.19,0,0
"39_5B_21","39_5B","39",303,36.875,0,0,NA,582,213.19,0,0
"39_5B_21","39_5B","39",304,37,0,0,NA,582,213.19,0,0
"39_5B_21","39_5B","39",305,37.125,0,0,NA,582,213.19,0,0
"39_5B_21","39_5B","39",306,37.25,0,0,NA,582,213.19,0,0
"39_5B_21","39_5B","39",307,37.375,0,0,NA,582,213.19,0,0
"39_5B_21","39_5B","39",308,37.5,0,0,NA,582,213.19,0,0
"39_5B_21","39_5B","39",309,37.625,0,0,NA,582,213.19,0,0
"39_5B_21","39_5B","39",310,37.75,0,0,NA,582,213.19,0,0
"39_5B_21","39_5B","39",311,37.875,0,0,NA,582,213.19,0,0
"39_5B_21","39_5B","39",312,38,0,0,NA,582,213.19,0,0
"39_5B_21","39_5B","39",313,38.125,0,0,NA,582,213.19,0,0
"39_5B_21","39_5B","39",314,38.25,0,0,NA,582,213.19,0,0
"39_5B_21","39_5B","39",315,38.375,0,0,NA,582,213.19,0,0
"39_5B_21","39_5B","39",316,38.5,0,0,NA,582,213.19,0,0
"39_5B_21","39_5B","39",317,38.625,0,0,NA,582,213.19,0,0
"39_5B_21","39_5B","39",318,38.75,0,0,NA,582,213.19,0,0
"39_5B_21","39_5B","39",319,38.875,0,0,NA,582,213.19,0,0
"39_5B_21","39_5B","39",320,39,0,0,NA,582,213.19,0,0
"39_5B_21","39_5B","39",321,39.125,0,0,NA,582,213.19,0,0
"39_5B_21","39_5B","39",322,39.25,0,0,NA,582,213.19,0,0
"39_5B_21","39_5B","39",323,39.375,0,0,NA,582,213.19,0,0
"39_5B_21","39_5B","39",324,39.5,0,0,NA,582,213.19,0,0
"39_5B_21","39_5B","39",325,39.625,0,0,NA,582,213.19,0,0
"39_5B_21","39_5B","39",326,39.75,0,0,NA,582,213.19,0,0
"39_5B_21","39_5B","39",327,39.875,0,0,NA,582,213.19,0,0
"39_5B_21","39_5B","39",328,40,0,0,NA,582,213.19,0,0
"39_5B_21","39_5B","39",329,40.125,0,0,NA,582,213.19,0,0
"39_5B_21","39_5B","39",330,40.25,0,0,NA,582,213.19,0,0
"39_5B_21","39_5B","39",331,40.375,0,0,NA,582,213.19,0,0
"39_5B_21","39_5B","39",332,40.5,0,0,NA,582,213.19,0,0
"39_5B_21","39_5B","39",333,40.625,0,0,NA,582,213.19,0,0
"39_5B_21","39_5B","39",334,40.75,0,0,NA,582,213.19,0,0
"39_5B_21","39_5B","39",335,40.875,0,0,NA,582,213.19,0,0
"39_5B_21","39_5B","39",336,41,0,0,NA,582,213.19,0,0
"39_5B_21","39_5B","39",337,41.125,0,0,NA,582,213.19,0,0
"39_5B_21","39_5B","39",338,41.25,0,0,NA,582,213.19,0,0
"39_5B_21","39_5B","39",339,41.375,0,0,NA,582,213.19,0,0
"39_5B_21","39_5B","39",340,41.5,0,0,NA,582,213.19,0,0
"39_5B_21","39_5B","39",341,41.625,0,0,NA,582,213.19,0,0
"39_5B_21","39_5B","39",342,41.75,0,0,NA,582,213.19,0,0
"39_5B_21","39_5B","39",343,41.875,0,0,NA,582,213.19,0,0
"39_5B_21","39_5B","39",344,42,0,0,NA,582,213.19,0,0
"39_5B_21","39_5B","39",345,42.125,0,0,NA,582,213.19,0,0
"39_5B_21","39_5B","39",346,42.25,0,0,NA,582,213.19,0,0
"39_5B_21","39_5B","39",347,42.375,0,0,NA,582,213.19,0,0
"39_5B_21","39_5B","39",348,42.5,0,0,NA,582,213.19,0,0
"39_5B_21","39_5B","39",349,42.625,0,0,NA,582,213.19,0,0
"39_5B_21","39_5B","39",350,42.75,0,0,NA,582,213.19,0,0
"39_5B_21","39_5B","39",351,42.875,0,0,NA,582,213.19,0,0
"39_5B_21","39_5B","39",352,43,0,0,NA,582,213.19,0,0
"39_5B_21","39_5B","39",353,43.125,0,0,NA,582,213.19,0,0
"39_5B_21","39_5B","39",354,43.25,0,0,NA,582,213.19,0,0
"39_5B_21","39_5B","39",355,43.375,0,1,3.60555124282837,582,213.19,0,0
"39_5B_21","39_5B","39",356,43.5,0,0,NA,582,213.19,0,0
"39_5B_21","39_5B","39",357,43.625,0,0,NA,582,213.19,0,0
"39_5B_21","39_5B","39",358,43.75,0,0,NA,582,213.19,0,0
"39_5B_21","39_5B","39",359,43.875,0,0,NA,582,213.19,0,0
"39_5B_21","39_5B","39",360,44,0,0,NA,582,213.19,0,0
"39_5B_21","39_5B","39",361,44.125,0,0,NA,582,213.19,0,0
"39_5B_21","39_5B","39",362,44.25,0,0,NA,582,213.19,0,0
"39_5B_21","39_5B","39",363,44.375,0,0,NA,582,213.19,0,0
"39_5B_21","39_5B","39",364,44.5,0,0,NA,582,213.19,0,0
"39_5B_21","39_5B","39",365,44.625,0,0,NA,582,213.19,0,0
"39_5B_21","39_5B","39",366,44.75,0,0,NA,582,213.19,0,0
"39_5B_21","39_5B","39",367,44.875,0,0,NA,582,213.19,0,0
"39_5B_21","39_5B","39",368,45,0,0,NA,582,213.19,0,0
"39_5B_21","39_5B","39",369,45.125,0,0,NA,582,213.19,0,0
"39_5B_21","39_5B","39",370,45.25,0,0,NA,582,213.19,0,0
"39_5B_21","39_5B","39",371,45.375,0,0,NA,582,213.19,0,0
"39_5B_21","39_5B","39",372,45.5,0,0,NA,582,213.19,0,0
"39_5B_21","39_5B","39",373,45.625,0,0,NA,582,213.19,0,0
"39_5B_21","39_5B","39",374,45.75,0,0,NA,582,213.19,0,0
"39_5B_21","39_5B","39",375,45.875,0,0,NA,582,213.19,0,0
"39_5B_21","39_5B","39",376,46,0,0,NA,582,213.19,0,0
"39_5B_21","39_5B","39",377,46.125,0,0,NA,582,213.19,0,0
"39_5B_21","39_5B","39",378,46.25,0,0,NA,582,213.19,0,0
"39_5B_21","39_5B","39",379,46.375,0,0,NA,582,213.19,0,0
"39_5B_21","39_5B","39",380,46.5,0,0,NA,582,213.19,0,0
"39_5B_21","39_5B","39",381,46.625,0,0,NA,582,213.19,0,0
"39_5B_21","39_5B","39",382,46.75,0,0,NA,582,213.19,0,0
"39_5B_21","39_5B","39",383,46.875,0,0,NA,582,213.19,0,0
"39_5B_21","39_5B","39",384,47,0,0,NA,582,213.19,0,0
"39_5B_21","39_5B","39",385,47.125,0,0,NA,582,213.19,0,0
"39_5B_21","39_5B","39",386,47.25,0,0,NA,582,213.19,0,0
"39_5B_21","39_5B","39",387,47.375,0,0,NA,582,213.19,0,0
"39_5B_21","39_5B","39",388,47.5,0,0,NA,582,213.19,0,0
"39_5B_21","39_5B","39",389,47.625,0,0,NA,582,213.19,0,0
"39_5B_21","39_5B","39",390,47.75,0,0,NA,582,213.19,0,0
"39_5B_21","39_5B","39",391,47.875,0,0,NA,582,213.19,0,0
"39_5B_21","39_5B","39",392,48,0,0,NA,582,213.19,0,0
"39_5B_21","39_5B","39",393,48.125,0,0,NA,582,213.19,0,0
"39_5B_21","39_5B","39",394,48.25,0,0,NA,582,213.19,0,0
"39_5B_21","39_5B","39",395,48.375,0,0,NA,582,213.19,0,0
"39_5B_21","39_5B","39",396,48.5,0,0,NA,582,213.19,0,0
"39_5B_21","39_5B","39",397,48.625,0,0,NA,582,213.19,0,0
"39_5B_21","39_5B","39",398,48.75,0,0,NA,582,213.19,0,0
"39_5B_21","39_5B","39",399,48.875,0,0,NA,582,213.19,0,0
"39_5B_21","39_5B","39",400,49,0,0,NA,582,213.19,0,0
"39_5B_21","39_5B","39",401,49.125,0,0,NA,582,213.19,0,0
"39_5B_21","39_5B","39",402,49.25,0,0,NA,582,213.19,0,0
"39_5B_21","39_5B","39",403,49.375,0,0,NA,582,213.19,0,0
"39_5B_21","39_5B","39",404,49.5,0,0,NA,582,213.19,0,0
"39_5B_21","39_5B","39",405,49.625,0,0,NA,582,213.19,0,0
"39_5B_21","39_5B","39",406,49.75,0,0,NA,582,213.19,0,0
"39_5B_21","39_5B","39",407,49.875,0,0,NA,582,213.19,0,0
"39_5B_21","39_5B","39",408,50,0,0,NA,582,213.19,0,0
"39_5B_21","39_5B","39",409,50.125,0,0,NA,582,213.19,0,0
"39_5B_21","39_5B","39",410,50.25,0,0,NA,582,213.19,0,0
"39_5B_21","39_5B","39",411,50.375,0,0,NA,582,213.19,0,0
"39_5B_21","39_5B","39",412,50.5,0,0,NA,582,213.19,0,0
"39_5B_21","39_5B","39",413,50.625,0,0,NA,582,213.19,0,0
"39_5B_21","39_5B","39",414,50.75,0,0,NA,582,213.19,0,0
"39_5B_21","39_5B","39",415,50.875,0,0,NA,582,213.19,0,0
"39_5B_21","39_5B","39",416,51,0,0,NA,582,213.19,0,0
"39_5B_21","39_5B","39",417,51.125,0,0,NA,582,213.19,0,0
"39_5B_21","39_5B","39",418,51.25,0,0,NA,582,213.19,0,0
"39_5B_21","39_5B","39",419,51.375,0,0,NA,582,213.19,0,0
"39_5B_21","39_5B","39",420,51.5,0,0,NA,582,213.19,0,0
"39_5B_21","39_5B","39",421,51.625,0,0,NA,582,213.19,0,0
"39_5B_21","39_5B","39",422,51.75,0,0,NA,582,213.19,0,0
"39_5B_21","39_5B","39",423,51.875,0,0,NA,582,213.19,0,0
"39_5B_21","39_5B","39",424,52,0,0,NA,582,213.19,0,0
"39_5B_21","39_5B","39",425,52.125,0,0,NA,582,213.19,0,0
"39_5B_21","39_5B","39",426,52.25,0,0,NA,582,213.19,0,0
"39_5B_21","39_5B","39",427,52.375,0,0,NA,582,213.19,0,0
"39_5B_21","39_5B","39",428,52.5,0,0,NA,582,213.19,0,0
"39_5B_21","39_5B","39",429,52.625,0,0,NA,582,213.19,0,0
"39_5B_21","39_5B","39",430,52.75,0,0,NA,582,213.19,0,0
"39_5B_21","39_5B","39",431,52.875,0,0,NA,582,213.19,0,0
"39_5B_21","39_5B","39",432,53,0,0,NA,582,213.19,0,0
"39_5B_21","39_5B","39",433,53.125,0,0,NA,582,213.19,0,0
"39_5B_21","39_5B","39",434,53.25,0,0,NA,582,213.19,0,0
"39_5B_21","39_5B","39",435,53.375,0,0,NA,582,213.19,0,0
"39_5B_21","39_5B","39",436,53.5,0,0,NA,582,213.19,0,0
"39_5B_21","39_5B","39",437,53.625,0,0,NA,582,213.19,0,0
"39_5B_21","39_5B","39",438,53.75,0,0,NA,582,213.19,0,0
"39_5B_21","39_5B","39",439,53.875,0,0,NA,582,213.19,0,0
"39_5B_21","39_5B","39",440,54,0,0,NA,582,213.19,0,0
"39_5B_21","39_5B","39",441,54.125,0,0,NA,582,213.19,0,0
"39_5B_21","39_5B","39",442,54.25,0,0,NA,582,213.19,0,0
"39_5B_21","39_5B","39",443,54.375,0,0,NA,582,213.19,0,0
"39_5B_21","39_5B","39",444,54.5,0,0,NA,582,213.19,0,0
"39_5B_21","39_5B","39",445,54.625,0,0,NA,582,213.19,0,0
"39_5B_21","39_5B","39",446,54.75,0,1,3.16227769851685,582,213.19,0,0
"39_5B_21","39_5B","39",447,54.875,0,0,NA,582,213.19,0,0
"39_5B_21","39_5B","39",448,55,0,0,NA,582,213.19,0,0
"39_5B_21","39_5B","39",449,55.125,0,0,NA,582,213.19,0,0
"39_5B_21","39_5B","39",450,55.25,0,0,NA,582,213.19,0,0
"39_5B_21","39_5B","39",451,55.375,0,0,NA,582,213.19,0,0
"39_5B_21","39_5B","39",452,55.5,0,0,NA,582,213.19,0,0
"39_5B_21","39_5B","39",453,55.625,0,0,NA,582,213.19,0,0
"39_5B_21","39_5B","39",454,55.75,0,0,NA,582,213.19,0,0
"39_5B_21","39_5B","39",455,55.875,0,0,NA,582,213.19,0,0
"39_5B_21","39_5B","39",456,56,0,0,NA,582,213.19,0,0
"39_5B_21","39_5B","39",457,56.125,0,0,NA,582,213.19,0,0
"39_5B_21","39_5B","39",458,56.25,0,0,NA,582,213.19,0,0
"39_5B_21","39_5B","39",459,56.375,0,0,NA,582,213.19,0,0
"39_5B_21","39_5B","39",460,56.5,0,0,NA,582,213.19,0,0
"39_5B_21","39_5B","39",461,56.625,0,0,NA,582,213.19,0,0
"39_5B_21","39_5B","39",462,56.75,0,0,NA,582,213.19,0,0
"39_5B_21","39_5B","39",463,56.875,0,0,NA,582,213.19,0,0
"39_5B_21","39_5B","39",464,57,0,0,NA,582,213.19,0,0
"39_5B_21","39_5B","39",465,57.125,0,0,NA,582,213.19,0,0
"39_5B_21","39_5B","39",466,57.25,0,0,NA,582,213.19,0,0
"39_5B_21","39_5B","39",467,57.375,0,0,NA,582,213.19,0,0
"39_5B_21","39_5B","39",468,57.5,0,0,NA,582,213.19,0,0
"39_5B_21","39_5B","39",469,57.625,0,0,NA,582,213.19,0,0
"39_5B_21","39_5B","39",470,57.75,0,0,NA,582,213.19,0,0
"39_5B_21","39_5B","39",471,57.875,0,0,NA,582,213.19,0,0
"39_5B_21","39_5B","39",472,58,0,0,NA,582,213.19,0,0
"39_5B_21","39_5B","39",473,58.125,0,0,NA,582,213.19,0,0
"39_5B_21","39_5B","39",474,58.25,0,0,NA,582,213.19,0,0
"39_5B_21","39_5B","39",475,58.375,0,0,NA,582,213.19,0,0
"39_5B_21","39_5B","39",476,58.5,0,0,NA,582,213.19,0,0
"39_5B_21","39_5B","39",477,58.625,0,0,NA,582,213.19,0,0
"39_5B_21","39_5B","39",478,58.75,0,0,NA,582,213.19,0,0
"39_5B_21","39_5B","39",479,58.875,0,0,NA,582,213.19,0,0
"39_5B_21","39_5B","39",480,59,0,0,NA,582,213.19,0,0
"39_5B_21","39_5B","39",481,59.125,0,0,NA,582,213.19,0,0
"39_5B_21","39_5B","39",482,59.25,0,0,NA,582,213.19,0,0
"39_5B_21","39_5B","39",483,59.375,0,0,NA,582,213.19,0,0
"39_5B_21","39_5B","39",484,59.5,0,0,NA,582,213.19,0,0
"39_5B_21","39_5B","39",485,59.625,1,0,NA,582,213.19,0,0
"39_5B_21","39_5B","39",486,59.75,1,0,NA,582,213.19,0,0
"39_5B_21","39_5B","39",487,59.875,1,0,NA,582,213.19,0,0
"39_5B_21","39_5B","39",488,60,1,3,3.30277562141418,641.5,250,69.9658924047996,-6370.9372
"39_5B_21","39_5B","39",489,60.125,1,1,5.45183372497559,552.75,220.38,93.5623155976807,391.376499999999
"39_5B_21","39_5B","39",490,60.25,1,1,4.86371183395386,548.24,220.68,4.51996681403746,0
"39_5B_21","39_5B","39",491,60.375,1,0,NA,548.24,220.68,0,0
"39_5B_21","39_5B","39",492,60.5,1,0,NA,548.24,220.68,0,0
"39_5B_21","39_5B","39",493,60.625,0,0,NA,548.24,220.68,0,0
"39_5B_21","39_5B","39",494,60.75,0,0,NA,548.24,220.68,0,0
"39_5B_21","39_5B","39",495,60.875,0,0,NA,548.24,220.68,0,0
"39_5B_21","39_5B","39",496,61,0,0,NA,548.24,220.68,0,0
"39_5B_21","39_5B","39",497,61.125,0,0,NA,548.24,220.68,0,0
"39_5B_21","39_5B","39",498,61.25,0,0,NA,548.24,220.68,0,0
"39_5B_21","39_5B","39",499,61.375,0,0,NA,548.24,220.68,0,0
"39_5B_21","39_5B","39",500,61.5,0,0,NA,548.24,220.68,0,0
"39_5B_21","39_5B","39",501,61.625,0,0,NA,548.24,220.68,0,0
"39_5B_21","39_5B","39",502,61.75,0,0,NA,548.24,220.68,0,0
"39_5B_21","39_5B","39",503,61.875,0,0,NA,548.24,220.68,0,0
"39_5B_21","39_5B","39",504,62,0,0,NA,548.24,220.68,0,0
"39_5B_21","39_5B","39",505,62.125,0,0,NA,548.24,220.68,0,0
"39_5B_21","39_5B","39",506,62.25,0,0,NA,548.24,220.68,0,0
"39_5B_21","39_5B","39",507,62.375,0,0,NA,548.24,220.68,0,0
"39_5B_21","39_5B","39",508,62.5,0,0,NA,548.24,220.68,0,0
"39_5B_21","39_5B","39",509,62.625,0,0,NA,548.24,220.68,0,0
"39_5B_21","39_5B","39",510,62.75,0,0,NA,548.24,220.68,0,0
"39_5B_21","39_5B","39",511,62.875,0,0,NA,548.24,220.68,0,0
"39_5B_21","39_5B","39",512,63,0,0,NA,548.24,220.68,0,0
"39_5B_21","39_5B","39",513,63.125,0,0,NA,548.24,220.68,0,0
"39_5B_21","39_5B","39",514,63.25,0,0,NA,548.24,220.68,0,0
"39_5B_21","39_5B","39",515,63.375,0,0,NA,548.24,220.68,0,0
"39_5B_21","39_5B","39",516,63.5,0,0,NA,548.24,220.68,0,0
"39_5B_21","39_5B","39",517,63.625,0,0,NA,548.24,220.68,0,0
"39_5B_21","39_5B","39",518,63.75,0,0,NA,548.24,220.68,0,0
"39_5B_21","39_5B","39",519,63.875,0,0,NA,548.24,220.68,0,0
"39_5B_21","39_5B","39",520,64,0,0,NA,548.24,220.68,0,0
"39_5B_21","39_5B","39",521,64.125,0,0,NA,548.24,220.68,0,0
"39_5B_21","39_5B","39",522,64.25,0,0,NA,548.24,220.68,0,0
"39_5B_21","39_5B","39",523,64.375,0,0,NA,548.24,220.68,0,0
"39_5B_21","39_5B","39",524,64.5,0,0,NA,548.24,220.68,0,0
"39_5B_21","39_5B","39",525,64.625,0,0,NA,548.24,220.68,0,0
"39_5B_21","39_5B","39",526,64.75,0,0,NA,548.24,220.68,0,0
"39_5B_21","39_5B","39",527,64.875,0,0,NA,548.24,220.68,0,0
"39_5B_21","39_5B","39",528,65,0,0,NA,548.24,220.68,0,0
"39_5B_21","39_5B","39",529,65.125,0,0,NA,548.24,220.68,0,0
"39_5B_21","39_5B","39",530,65.25,0,0,NA,548.24,220.68,0,0
"39_5B_21","39_5B","39",531,65.375,0,0,NA,548.24,220.68,0,0
"39_5B_21","39_5B","39",532,65.5,0,0,NA,548.24,220.68,0,0
"39_5B_21","39_5B","39",533,65.625,0,0,NA,548.24,220.68,0,0
"39_5B_21","39_5B","39",534,65.75,0,0,NA,548.24,220.68,0,0
"39_5B_21","39_5B","39",535,65.875,0,0,NA,548.24,220.68,0,0
"39_5B_21","39_5B","39",536,66,0,0,NA,548.24,220.68,0,0
"39_5B_21","39_5B","39",537,66.125,0,0,NA,548.24,220.68,0,0
"39_5B_21","39_5B","39",538,66.25,0,0,NA,548.24,220.68,0,0
"39_5B_21","39_5B","39",539,66.375,0,0,NA,548.24,220.68,0,0
"39_5B_21","39_5B","39",540,66.5,0,0,NA,548.24,220.68,0,0
"39_5B_21","39_5B","39",541,66.625,0,0,NA,548.24,220.68,0,0
"39_5B_21","39_5B","39",542,66.75,0,0,NA,548.24,220.68,0,0
"39_5B_21","39_5B","39",543,66.875,0,0,NA,548.24,220.68,0,0
"39_5B_21","39_5B","39",544,67,0,0,NA,548.24,220.68,0,0
"39_5B_21","39_5B","39",545,67.125,0,0,NA,548.24,220.68,0,0
"39_5B_21","39_5B","39",546,67.25,0,0,NA,548.24,220.68,0,0
"39_5B_21","39_5B","39",547,67.375,0,0,NA,548.24,220.68,0,0
"39_5B_21","39_5B","39",548,67.5,0,0,NA,548.24,220.68,0,0
"39_5B_21","39_5B","39",549,67.625,0,0,NA,548.24,220.68,0,0
"39_5B_21","39_5B","39",550,67.75,0,0,NA,548.24,220.68,0,0
"39_5B_21","39_5B","39",551,67.875,0,0,NA,548.24,220.68,0,0
"39_5B_21","39_5B","39",552,68,0,0,NA,548.24,220.68,0,0
"39_5B_21","39_5B","39",553,68.125,0,0,NA,548.24,220.68,0,0
"39_5B_21","39_5B","39",554,68.25,0,0,NA,548.24,220.68,0,0
"39_5B_21","39_5B","39",555,68.375,0,0,NA,548.24,220.68,0,0
"39_5B_21","39_5B","39",556,68.5,0,0,NA,548.24,220.68,0,0
"39_5B_21","39_5B","39",557,68.625,0,0,NA,548.24,220.68,0,0
"39_5B_21","39_5B","39",558,68.75,0,0,NA,548.24,220.68,0,0
"39_5B_21","39_5B","39",559,68.875,0,0,NA,548.24,220.68,0,0
"39_5B_21","39_5B","39",560,69,0,0,NA,548.24,220.68,0,0
"39_5B_21","39_5B","39",561,69.125,0,0,NA,548.24,220.68,0,0
"39_5B_21","39_5B","39",562,69.25,0,0,NA,548.24,220.68,0,0
"39_5B_21","39_5B","39",563,69.375,0,0,NA,548.24,220.68,0,0
"39_5B_21","39_5B","39",564,69.5,0,0,NA,548.24,220.68,0,0
"39_5B_21","39_5B","39",565,69.625,0,0,NA,548.24,220.68,0,0
"39_5B_21","39_5B","39",566,69.75,0,0,NA,548.24,220.68,0,0
"39_5B_21","39_5B","39",567,69.875,0,0,NA,548.24,220.68,0,0
"39_5B_21","39_5B","39",568,70,0,0,NA,548.24,220.68,0,0
"39_5B_21","39_5B","39",569,70.125,0,0,NA,548.24,220.68,0,0
"39_5B_21","39_5B","39",570,70.25,0,0,NA,548.24,220.68,0,0
"39_5B_21","39_5B","39",571,70.375,0,0,NA,548.24,220.68,0,0
"39_5B_21","39_5B","39",572,70.5,0,0,NA,548.24,220.68,0,0
"39_5B_21","39_5B","39",573,70.625,0,0,NA,548.24,220.68,0,0
"39_5B_21","39_5B","39",574,70.75,0,0,NA,548.24,220.68,0,0
"39_5B_21","39_5B","39",575,70.875,0,0,NA,548.24,220.68,0,0
"39_5B_21","39_5B","39",576,71,0,0,NA,548.24,220.68,0,0
"39_5B_21","39_5B","39",577,71.125,0,0,NA,548.24,220.68,0,0
"39_5B_21","39_5B","39",578,71.25,0,0,NA,548.24,220.68,0,0
"39_5B_21","39_5B","39",579,71.375,0,0,NA,548.24,220.68,0,0
"39_5B_21","39_5B","39",580,71.5,0,0,NA,548.24,220.68,0,0
"39_5B_21","39_5B","39",581,71.625,0,0,NA,548.24,220.68,0,0
"39_5B_21","39_5B","39",582,71.75,0,0,NA,548.24,220.68,0,0
"39_5B_21","39_5B","39",583,71.875,0,0,NA,548.24,220.68,0,0
"39_5B_21","39_5B","39",584,72,0,0,NA,548.24,220.68,0,0
"39_5B_21","39_5B","39",585,72.125,0,0,NA,548.24,220.68,0,0
"39_5B_21","39_5B","39",586,72.25,0,0,NA,548.24,220.68,0,0
"39_5B_21","39_5B","39",587,72.375,0,0,NA,548.24,220.68,0,0
"39_5B_21","39_5B","39",588,72.5,0,0,NA,548.24,220.68,0,0
"39_5B_21","39_5B","39",589,72.625,0,0,NA,548.24,220.68,0,0
"39_5B_21","39_5B","39",590,72.75,0,0,NA,548.24,220.68,0,0
"39_5B_21","39_5B","39",591,72.875,0,0,NA,548.24,220.68,0,0
"39_5B_21","39_5B","39",592,73,0,0,NA,548.24,220.68,0,0
"39_5B_21","39_5B","39",593,73.125,0,0,NA,548.24,220.68,0,0
"39_5B_21","39_5B","39",594,73.25,0,0,NA,548.24,220.68,0,0
"39_5B_21","39_5B","39",595,73.375,0,0,NA,548.24,220.68,0,0
"39_5B_21","39_5B","39",596,73.5,0,0,NA,548.24,220.68,0,0
"39_5B_21","39_5B","39",597,73.625,0,0,NA,548.24,220.68,0,0
"39_5B_21","39_5B","39",598,73.75,0,0,NA,548.24,220.68,0,0
"39_5B_21","39_5B","39",599,73.875,0,0,NA,548.24,220.68,0,0
"39_5B_21","39_5B","39",600,74,0,0,NA,548.24,220.68,0,0
"39_5B_21","39_5B","39",601,74.125,0,0,NA,548.24,220.68,0,0
"39_5B_21","39_5B","39",602,74.25,0,0,NA,548.24,220.68,0,0
"39_5B_21","39_5B","39",603,74.375,0,0,NA,548.24,220.68,0,0
"39_5B_21","39_5B","39",604,74.5,0,0,NA,548.24,220.68,0,0
"39_5B_21","39_5B","39",605,74.625,0,0,NA,548.24,220.68,0,0
"39_5B_21","39_5B","39",606,74.75,0,0,NA,548.24,220.68,0,0
"39_5B_21","39_5B","39",607,74.875,0,0,NA,548.24,220.68,0,0
"39_5B_21","39_5B","39",608,75,0,0,NA,548.24,220.68,0,0
"39_5B_21","39_5B","39",609,75.125,0,0,NA,548.24,220.68,0,0
"39_5B_21","39_5B","39",610,75.25,0,0,NA,548.24,220.68,0,0
"39_5B_21","39_5B","39",611,75.375,0,0,NA,548.24,220.68,0,0
"39_5B_21","39_5B","39",612,75.5,0,0,NA,548.24,220.68,0,0
"39_5B_21","39_5B","39",613,75.625,0,0,NA,548.24,220.68,0,0
"39_5B_21","39_5B","39",614,75.75,0,0,NA,548.24,220.68,0,0
"39_5B_21","39_5B","39",615,75.875,0,0,NA,548.24,220.68,0,0
"39_5B_21","39_5B","39",616,76,0,0,NA,548.24,220.68,0,0
"39_5B_21","39_5B","39",617,76.125,0,0,NA,548.24,220.68,0,0
"39_5B_21","39_5B","39",618,76.25,0,0,NA,548.24,220.68,0,0
"39_5B_21","39_5B","39",619,76.375,0,0,NA,548.24,220.68,0,0
"39_5B_21","39_5B","39",620,76.5,0,0,NA,548.24,220.68,0,0
"39_5B_21","39_5B","39",621,76.625,0,0,NA,548.24,220.68,0,0
"39_5B_21","39_5B","39",622,76.75,0,0,NA,548.24,220.68,0,0
"39_5B_21","39_5B","39",623,76.875,0,0,NA,548.24,220.68,0,0
"39_5B_21","39_5B","39",624,77,0,0,NA,548.24,220.68,0,0
"39_5B_21","39_5B","39",625,77.125,0,0,NA,548.24,220.68,0,0
"39_5B_21","39_5B","39",626,77.25,0,0,NA,548.24,220.68,0,0
"39_5B_21","39_5B","39",627,77.375,0,0,NA,548.24,220.68,0,0
"39_5B_21","39_5B","39",628,77.5,0,0,NA,548.24,220.68,0,0
"39_5B_21","39_5B","39",629,77.625,0,0,NA,548.24,220.68,0,0
"39_5B_21","39_5B","39",630,77.75,0,0,NA,548.24,220.68,0,0
"39_5B_21","39_5B","39",631,77.875,0,0,NA,548.24,220.68,0,0
"39_5B_21","39_5B","39",632,78,0,0,NA,548.24,220.68,0,0
"39_5B_21","39_5B","39",633,78.125,0,0,NA,548.24,220.68,0,0
"39_5B_21","39_5B","39",634,78.25,0,0,NA,548.24,220.68,0,0
"39_5B_21","39_5B","39",635,78.375,0,0,NA,548.24,220.68,0,0
"39_5B_21","39_5B","39",636,78.5,0,0,NA,548.24,220.68,0,0
"39_5B_21","39_5B","39",637,78.625,0,0,NA,548.24,220.68,0,0
"39_5B_21","39_5B","39",638,78.75,0,0,NA,548.24,220.68,0,0
"39_5B_21","39_5B","39",639,78.875,0,0,NA,548.24,220.68,0,0
"39_5B_21","39_5B","39",640,79,0,0,NA,548.24,220.68,0,0
"39_5B_21","39_5B","39",641,79.125,0,0,NA,548.24,220.68,0,0
"39_5B_21","39_5B","39",642,79.25,0,0,NA,548.24,220.68,0,0
"39_5B_21","39_5B","39",643,79.375,0,0,NA,548.24,220.68,0,0
"39_5B_21","39_5B","39",644,79.5,0,0,NA,548.24,220.68,0,0
"39_5B_21","39_5B","39",645,79.625,0,0,NA,548.24,220.68,0,0
"39_5B_21","39_5B","39",646,79.75,0,0,NA,548.24,220.68,0,0
"39_5B_21","39_5B","39",647,79.875,0,0,NA,548.24,220.68,0,0
"39_5B_21","39_5B","39",648,80,0,1,3.10949110984802,545,218.81,3.74092234616011,0.579700000000006
"39_5B_21","39_5B","39",649,80.125,0,1,3.60555124282837,545,218.5,0.310000000000002,-0.0402999999999989
"39_5B_21","39_5B","39",650,80.25,0,1,3.61316752433777,545.78,218.63,0.790759128938741,0.154700000000016
"39_5B_21","39_5B","39",651,80.375,0,1,3.60555124282837,546,218.5,0.255538646783634,0.267600000000011
"39_5B_21","39_5B","39",652,80.5,0,1,3.9712381362915,546.33,217,1.53587108834043,3.16559999999998
"39_5B_21","39_5B","39",653,80.625,0,1,4.30334234237671,546.15,214.85,2.15752172642596,3.18319999999994
"39_5B_21","39_5B","39",654,80.75,0,1,4.3159761428833,546.86,213.31,1.69578890195685,0.204299999999957
"39_5B_21","39_5B","39",655,80.875,0,1,4.30334234237671,546.15,212.85,0.84599054368241,1.18750000000001
"39_5B_21","39_5B","39",656,81,0,1,4.12310552597046,546,210.5,2.35478236786332,4.55000000000001
"39_5B_21","39_5B","39",657,81.125,0,1,4.12310552597046,547,208.5,2.23606797749979,2.52999999999997
"39_5B_21","39_5B","39",658,81.25,0,1,4.08487749099731,547.03,207.25,1.25035994817492,1.30809999999998
"39_5B_21","39_5B","39",659,81.375,0,1,3.84965634346008,547.3,206.21,1.07447661677673,1.89180000000001
"39_5B_21","39_5B","39",660,81.5,0,1,3.57600021362305,547.72,204.5,1.76082367089953,0
"39_5B_21","39_5B","39",661,81.625,0,0,NA,547.72,204.5,0,0
"39_5B_21","39_5B","39",662,81.75,0,0,NA,547.72,204.5,0,0
"39_5B_21","39_5B","39",663,81.875,0,0,NA,547.72,204.5,0,0
"39_5B_21","39_5B","39",664,82,0,0,NA,547.72,204.5,0,0
"39_5B_21","39_5B","39",665,82.125,0,0,NA,547.72,204.5,0,0
"39_5B_21","39_5B","39",666,82.25,0,0,NA,547.72,204.5,0,0
"39_5B_21","39_5B","39",667,82.375,0,0,NA,547.72,204.5,0,0
"39_5B_21","39_5B","39",668,82.5,0,0,NA,547.72,204.5,0,0
"39_5B_21","39_5B","39",669,82.625,0,0,NA,547.72,204.5,0,0
"39_5B_21","39_5B","39",670,82.75,0,0,NA,547.72,204.5,0,0
"39_5B_21","39_5B","39",671,82.875,0,0,NA,547.72,204.5,0,0
"39_5B_21","39_5B","39",672,83,0,0,NA,547.72,204.5,0,0
"39_5B_21","39_5B","39",673,83.125,0,0,NA,547.72,204.5,0,0
"39_5B_21","39_5B","39",674,83.25,0,0,NA,547.72,204.5,0,0
"39_5B_21","39_5B","39",675,83.375,0,0,NA,547.72,204.5,0,0
"39_5B_21","39_5B","39",676,83.5,0,0,NA,547.72,204.5,0,0
"39_5B_21","39_5B","39",677,83.625,0,0,NA,547.72,204.5,0,0
"39_5B_21","39_5B","39",678,83.75,0,0,NA,547.72,204.5,0,0
"39_5B_21","39_5B","39",679,83.875,0,0,NA,547.72,204.5,0,0
"39_5B_21","39_5B","39",680,84,0,0,NA,547.72,204.5,0,0
"39_5B_21","39_5B","39",681,84.125,0,0,NA,547.72,204.5,0,0
"39_5B_21","39_5B","39",682,84.25,0,0,NA,547.72,204.5,0,0
"39_5B_21","39_5B","39",683,84.375,0,0,NA,547.72,204.5,0,0
"39_5B_21","39_5B","39",684,84.5,0,0,NA,547.72,204.5,0,0
"39_5B_21","39_5B","39",685,84.625,0,0,NA,547.72,204.5,0,0
"39_5B_21","39_5B","39",686,84.75,0,0,NA,547.72,204.5,0,0
"39_5B_21","39_5B","39",687,84.875,0,0,NA,547.72,204.5,0,0
"39_5B_21","39_5B","39",688,85,0,0,NA,547.72,204.5,0,0
"39_5B_21","39_5B","39",689,85.125,0,0,NA,547.72,204.5,0,0
"39_5B_21","39_5B","39",690,85.25,0,0,NA,547.72,204.5,0,0
"39_5B_21","39_5B","39",691,85.375,0,0,NA,547.72,204.5,0,0
"39_5B_21","39_5B","39",692,85.5,0,0,NA,547.72,204.5,0,0
"39_5B_21","39_5B","39",693,85.625,0,0,NA,547.72,204.5,0,0
"39_5B_21","39_5B","39",694,85.75,0,0,NA,547.72,204.5,0,0
"39_5B_21","39_5B","39",695,85.875,0,0,NA,547.72,204.5,0,0
"39_5B_21","39_5B","39",696,86,0,0,NA,547.72,204.5,0,0
"39_5B_21","39_5B","39",697,86.125,0,0,NA,547.72,204.5,0,0
"39_5B_21","39_5B","39",698,86.25,0,0,NA,547.72,204.5,0,0
"39_5B_21","39_5B","39",699,86.375,0,0,NA,547.72,204.5,0,0
"39_5B_21","39_5B","39",700,86.5,0,0,NA,547.72,204.5,0,0
"39_5B_21","39_5B","39",701,86.625,0,0,NA,547.72,204.5,0,0
"39_5B_21","39_5B","39",702,86.75,0,0,NA,547.72,204.5,0,0
"39_5B_21","39_5B","39",703,86.875,0,0,NA,547.72,204.5,0,0
"39_5B_21","39_5B","39",704,87,0,0,NA,547.72,204.5,0,0
"39_5B_21","39_5B","39",705,87.125,0,0,NA,547.72,204.5,0,0
"39_5B_21","39_5B","39",706,87.25,0,0,NA,547.72,204.5,0,0
"39_5B_21","39_5B","39",707,87.375,0,0,NA,547.72,204.5,0,0
"39_5B_21","39_5B","39",708,87.5,0,0,NA,547.72,204.5,0,0
"39_5B_21","39_5B","39",709,87.625,0,0,NA,547.72,204.5,0,0
"39_5B_21","39_5B","39",710,87.75,0,0,NA,547.72,204.5,0,0
"39_5B_21","39_5B","39",711,87.875,0,0,NA,547.72,204.5,0,0
"39_5B_21","39_5B","39",712,88,0,0,NA,547.72,204.5,0,0
"39_5B_21","39_5B","39",713,88.125,0,0,NA,547.72,204.5,0,0
"39_5B_21","39_5B","39",714,88.25,0,0,NA,547.72,204.5,0,0
"39_5B_21","39_5B","39",715,88.375,0,0,NA,547.72,204.5,0,0
"39_5B_21","39_5B","39",716,88.5,0,0,NA,547.72,204.5,0,0
"39_5B_21","39_5B","39",717,88.625,0,0,NA,547.72,204.5,0,0
"39_5B_21","39_5B","39",718,88.75,0,0,NA,547.72,204.5,0,0
"39_5B_21","39_5B","39",719,88.875,0,0,NA,547.72,204.5,0,0
"39_5B_21","39_5B","39",720,89,0,0,NA,547.72,204.5,0,0
"39_5B_21","39_5B","39",721,89.125,0,0,NA,547.72,204.5,0,0
"39_5B_21","39_5B","39",722,89.25,0,0,NA,547.72,204.5,0,0
"39_5B_21","39_5B","39",723,89.375,0,0,NA,547.72,204.5,0,0
"39_5B_21","39_5B","39",724,89.5,0,0,NA,547.72,204.5,0,0
"39_5B_21","39_5B","39",725,89.625,0,0,NA,547.72,204.5,0,0
"39_5B_21","39_5B","39",726,89.75,0,0,NA,547.72,204.5,0,0
"39_5B_21","39_5B","39",727,89.875,0,0,NA,547.72,204.5,0,0
"39_5B_21","39_5B","39",728,90,0,0,NA,547.72,204.5,0,0
"39_5B_21","39_5B","39",729,90.125,0,0,NA,547.72,204.5,0,0
"39_5B_21","39_5B","39",730,90.25,0,0,NA,547.72,204.5,0,0
"39_5B_21","39_5B","39",731,90.375,0,0,NA,547.72,204.5,0,0
"39_5B_21","39_5B","39",732,90.5,0,0,NA,547.72,204.5,0,0
"39_5B_21","39_5B","39",733,90.625,0,0,NA,547.72,204.5,0,0
"39_5B_21","39_5B","39",734,90.75,0,0,NA,547.72,204.5,0,0
"39_5B_21","39_5B","39",735,90.875,0,0,NA,547.72,204.5,0,0
"39_5B_21","39_5B","39",736,91,0,0,NA,547.72,204.5,0,0
"39_5B_21","39_5B","39",737,91.125,0,0,NA,547.72,204.5,0,0
"39_5B_21","39_5B","39",738,91.25,0,0,NA,547.72,204.5,0,0
"39_5B_21","39_5B","39",739,91.375,0,0,NA,547.72,204.5,0,0
"39_5B_21","39_5B","39",740,91.5,0,0,NA,547.72,204.5,0,0
"39_5B_21","39_5B","39",741,91.625,0,0,NA,547.72,204.5,0,0
"39_5B_21","39_5B","39",742,91.75,0,0,NA,547.72,204.5,0,0
"39_5B_21","39_5B","39",743,91.875,0,0,NA,547.72,204.5,0,0
"39_5B_21","39_5B","39",744,92,0,0,NA,547.72,204.5,0,0
"39_5B_21","39_5B","39",745,92.125,0,0,NA,547.72,204.5,0,0
"39_5B_21","39_5B","39",746,92.25,0,0,NA,547.72,204.5,0,0
"39_5B_21","39_5B","39",747,92.375,0,0,NA,547.72,204.5,0,0
"39_5B_21","39_5B","39",748,92.5,0,0,NA,547.72,204.5,0,0
"39_5B_21","39_5B","39",749,92.625,0,0,NA,547.72,204.5,0,0
"39_5B_21","39_5B","39",750,92.75,0,0,NA,547.72,204.5,0,0
"39_5B_21","39_5B","39",751,92.875,0,0,NA,547.72,204.5,0,0
"39_5B_21","39_5B","39",752,93,0,0,NA,547.72,204.5,0,0
"39_5B_21","39_5B","39",753,93.125,0,0,NA,547.72,204.5,0,0
"39_5B_21","39_5B","39",754,93.25,0,0,NA,547.72,204.5,0,0
"39_5B_21","39_5B","39",755,93.375,0,0,NA,547.72,204.5,0,0
"39_5B_21","39_5B","39",756,93.5,0,0,NA,547.72,204.5,0,0
"39_5B_21","39_5B","39",757,93.625,0,0,NA,547.72,204.5,0,0
"39_5B_21","39_5B","39",758,93.75,0,0,NA,547.72,204.5,0,0
"39_5B_21","39_5B","39",759,93.875,0,0,NA,547.72,204.5,0,0
"39_5B_21","39_5B","39",760,94,0,0,NA,547.72,204.5,0,0
"39_5B_21","39_5B","39",761,94.125,0,0,NA,547.72,204.5,0,0
"39_5B_21","39_5B","39",762,94.25,0,0,NA,547.72,204.5,0,0
"39_5B_21","39_5B","39",763,94.375,0,0,NA,547.72,204.5,0,0
"39_5B_21","39_5B","39",764,94.5,0,0,NA,547.72,204.5,0,0
"39_5B_21","39_5B","39",765,94.625,0,0,NA,547.72,204.5,0,0
"39_5B_21","39_5B","39",766,94.75,0,0,NA,547.72,204.5,0,0
"39_5B_21","39_5B","39",767,94.875,0,0,NA,547.72,204.5,0,0
"39_5B_21","39_5B","39",768,95,0,0,NA,547.72,204.5,0,0
"39_5B_21","39_5B","39",769,95.125,0,0,NA,547.72,204.5,0,0
"39_5B_21","39_5B","39",770,95.25,0,0,NA,547.72,204.5,0,0
"39_5B_21","39_5B","39",771,95.375,0,0,NA,547.72,204.5,0,0
"39_5B_21","39_5B","39",772,95.5,0,0,NA,547.72,204.5,0,0
"39_5B_21","39_5B","39",773,95.625,0,0,NA,547.72,204.5,0,0
"39_5B_21","39_5B","39",774,95.75,0,0,NA,547.72,204.5,0,0
"39_5B_21","39_5B","39",775,95.875,0,0,NA,547.72,204.5,0,0
"39_5B_21","39_5B","39",776,96,0,0,NA,547.72,204.5,0,0
"39_5B_21","39_5B","39",777,96.125,0,0,NA,547.72,204.5,0,0
"39_5B_21","39_5B","39",778,96.25,0,0,NA,547.72,204.5,0,0
"39_5B_21","39_5B","39",779,96.375,0,0,NA,547.72,204.5,0,0
"39_5B_21","39_5B","39",780,96.5,0,0,NA,547.72,204.5,0,0
"39_5B_21","39_5B","39",781,96.625,0,0,NA,547.72,204.5,0,0
"39_5B_21","39_5B","39",782,96.75,0,0,NA,547.72,204.5,0,0
"39_5B_21","39_5B","39",783,96.875,0,0,NA,547.72,204.5,0,0
"39_5B_21","39_5B","39",784,97,0,0,NA,547.72,204.5,0,0
"39_5B_21","39_5B","39",785,97.125,0,0,NA,547.72,204.5,0,0
"39_5B_21","39_5B","39",786,97.25,0,0,NA,547.72,204.5,0,0
"39_5B_21","39_5B","39",787,97.375,0,0,NA,547.72,204.5,0,0
"39_5B_21","39_5B","39",788,97.5,0,0,NA,547.72,204.5,0,0
"39_5B_21","39_5B","39",789,97.625,0,0,NA,547.72,204.5,0,0
"39_5B_21","39_5B","39",790,97.75,0,0,NA,547.72,204.5,0,0
"39_5B_21","39_5B","39",791,97.875,0,0,NA,547.72,204.5,0,0
"39_5B_21","39_5B","39",792,98,0,0,NA,547.72,204.5,0,0
"39_5B_21","39_5B","39",793,98.125,0,0,NA,547.72,204.5,0,0
"39_5B_21","39_5B","39",794,98.25,0,0,NA,547.72,204.5,0,0
"39_5B_21","39_5B","39",795,98.375,0,0,NA,547.72,204.5,0,0
"39_5B_21","39_5B","39",796,98.5,0,0,NA,547.72,204.5,0,0
"39_5B_21","39_5B","39",797,98.625,0,0,NA,547.72,204.5,0,0
"39_5B_21","39_5B","39",798,98.75,0,0,NA,547.72,204.5,0,0
"39_5B_21","39_5B","39",799,98.875,0,0,NA,547.72,204.5,0,0
"39_5B_21","39_5B","39",800,99,0,0,NA,547.72,204.5,0,0
"39_5B_21","39_5B","39",801,99.125,0,0,NA,547.72,204.5,0,0
"39_5B_21","39_5B","39",802,99.25,0,0,NA,547.72,204.5,0,0
"39_5B_21","39_5B","39",803,99.375,0,0,NA,547.72,204.5,0,0
"39_5B_21","39_5B","39",804,99.5,0,0,NA,547.72,204.5,0,0
"39_5B_21","39_5B","39",805,99.625,0,0,NA,547.72,204.5,0,0
"39_5B_21","39_5B","39",806,99.75,0,0,NA,547.72,204.5,0,0
"39_5B_21","39_5B","39",807,99.875,0,0,NA,547.72,204.5,0,0
"39_5B_21","39_5B","39",808,100,0,0,NA,547.72,204.5,0,0
"39_5B_21","39_5B","39",809,100.125,0,0,NA,547.72,204.5,0,0
"39_5B_21","39_5B","39",810,100.25,0,0,NA,547.72,204.5,0,0
"39_5B_21","39_5B","39",811,100.375,0,0,NA,547.72,204.5,0,0
"39_5B_21","39_5B","39",812,100.5,0,0,NA,547.72,204.5,0,0
"39_5B_21","39_5B","39",813,100.625,0,0,NA,547.72,204.5,0,0
"39_5B_21","39_5B","39",814,100.75,0,0,NA,547.72,204.5,0,0
"39_5B_21","39_5B","39",815,100.875,0,0,NA,547.72,204.5,0,0
"39_5B_21","39_5B","39",816,101,0,0,NA,547.72,204.5,0,0
"39_5B_21","39_5B","39",817,101.125,0,0,NA,547.72,204.5,0,0
"39_5B_21","39_5B","39",818,101.25,0,0,NA,547.72,204.5,0,0
"39_5B_21","39_5B","39",819,101.375,0,0,NA,547.72,204.5,0,0
"39_5B_21","39_5B","39",820,101.5,0,0,NA,547.72,204.5,0,0
"39_5B_21","39_5B","39",821,101.625,0,0,NA,547.72,204.5,0,0
"39_5B_21","39_5B","39",822,101.75,0,0,NA,547.72,204.5,0,0
"39_5B_21","39_5B","39",823,101.875,0,0,NA,547.72,204.5,0,0
"39_5B_21","39_5B","39",824,102,0,0,NA,547.72,204.5,0,0
"39_5B_21","39_5B","39",825,102.125,0,0,NA,547.72,204.5,0,0
"39_5B_21","39_5B","39",826,102.25,0,0,NA,547.72,204.5,0,0
"39_5B_21","39_5B","39",827,102.375,0,0,NA,547.72,204.5,0,0
"39_5B_21","39_5B","39",828,102.5,0,0,NA,547.72,204.5,0,0
"39_5B_21","39_5B","39",829,102.625,0,0,NA,547.72,204.5,0,0
"39_5B_21","39_5B","39",830,102.75,0,0,NA,547.72,204.5,0,0
"39_5B_21","39_5B","39",831,102.875,0,0,NA,547.72,204.5,0,0
"39_5B_21","39_5B","39",832,103,0,0,NA,547.72,204.5,0,0
"39_5B_21","39_5B","39",833,103.125,0,0,NA,547.72,204.5,0,0
"39_5B_21","39_5B","39",834,103.25,0,0,NA,547.72,204.5,0,0
"39_5B_21","39_5B","39",835,103.375,0,0,NA,547.72,204.5,0,0
"39_5B_21","39_5B","39",836,103.5,0,0,NA,547.72,204.5,0,0
"39_5B_21","39_5B","39",837,103.625,0,0,NA,547.72,204.5,0,0
"39_5B_21","39_5B","39",838,103.75,0,0,NA,547.72,204.5,0,0
"39_5B_21","39_5B","39",839,103.875,0,0,NA,547.72,204.5,0,0
"39_5B_21","39_5B","39",840,104,0,0,NA,547.72,204.5,0,0
"39_5B_21","39_5B","39",841,104.125,0,0,NA,547.72,204.5,0,0
"39_5B_21","39_5B","39",842,104.25,0,0,NA,547.72,204.5,0,0
"39_5B_21","39_5B","39",843,104.375,0,0,NA,547.72,204.5,0,0
"39_5B_21","39_5B","39",844,104.5,0,0,NA,547.72,204.5,0,0
"39_5B_21","39_5B","39",845,104.625,0,0,NA,547.72,204.5,0,0
"39_5B_21","39_5B","39",846,104.75,0,0,NA,547.72,204.5,0,0
"39_5B_21","39_5B","39",847,104.875,0,0,NA,547.72,204.5,0,0
"39_5B_21","39_5B","39",848,105,0,0,NA,547.72,204.5,0,0
"39_5B_21","39_5B","39",849,105.125,0,0,NA,547.72,204.5,0,0
"39_5B_21","39_5B","39",850,105.25,0,0,NA,547.72,204.5,0,0
"39_5B_21","39_5B","39",851,105.375,0,0,NA,547.72,204.5,0,0
"39_5B_21","39_5B","39",852,105.5,0,0,NA,547.72,204.5,0,0
"39_5B_21","39_5B","39",853,105.625,0,0,NA,547.72,204.5,0,0
"39_5B_21","39_5B","39",854,105.75,0,0,NA,547.72,204.5,0,0
"39_5B_21","39_5B","39",855,105.875,0,0,NA,547.72,204.5,0,0
"39_5B_21","39_5B","39",856,106,0,0,NA,547.72,204.5,0,0
"39_5B_21","39_5B","39",857,106.125,0,0,NA,547.72,204.5,0,0
"39_5B_21","39_5B","39",858,106.25,0,0,NA,547.72,204.5,0,0
"39_5B_21","39_5B","39",859,106.375,0,0,NA,547.72,204.5,0,0
"39_5B_21","39_5B","39",860,106.5,0,0,NA,547.72,204.5,0,0
"39_5B_21","39_5B","39",861,106.625,0,0,NA,547.72,204.5,0,0
"39_5B_21","39_5B","39",862,106.75,0,0,NA,547.72,204.5,0,0
"39_5B_21","39_5B","39",863,106.875,0,0,NA,547.72,204.5,0,0
"39_5B_21","39_5B","39",864,107,0,0,NA,547.72,204.5,0,0
"39_5B_21","39_5B","39",865,107.125,0,0,NA,547.72,204.5,0,0
"39_5B_21","39_5B","39",866,107.25,0,0,NA,547.72,204.5,0,0
"39_5B_21","39_5B","39",867,107.375,0,0,NA,547.72,204.5,0,0
"39_5B_21","39_5B","39",868,107.5,0,0,NA,547.72,204.5,0,0
"39_5B_21","39_5B","39",869,107.625,0,0,NA,547.72,204.5,0,0
"39_5B_21","39_5B","39",870,107.75,0,0,NA,547.72,204.5,0,0
"39_5B_21","39_5B","39",871,107.875,0,0,NA,547.72,204.5,0,0
"39_5B_21","39_5B","39",872,108,0,0,NA,547.72,204.5,0,0
"39_5B_21","39_5B","39",873,108.125,0,0,NA,547.72,204.5,0,0
"39_5B_21","39_5B","39",874,108.25,0,0,NA,547.72,204.5,0,0
"39_5B_21","39_5B","39",875,108.375,0,0,NA,547.72,204.5,0,0
"39_5B_21","39_5B","39",876,108.5,0,0,NA,547.72,204.5,0,0
"39_5B_21","39_5B","39",877,108.625,0,0,NA,547.72,204.5,0,0
"39_5B_21","39_5B","39",878,108.75,0,0,NA,547.72,204.5,0,0
"39_5B_21","39_5B","39",879,108.875,0,0,NA,547.72,204.5,0,0
"39_5B_21","39_5B","39",880,109,0,0,NA,547.72,204.5,0,0
"39_5B_21","39_5B","39",881,109.125,0,0,NA,547.72,204.5,0,0
"39_5B_21","39_5B","39",882,109.25,0,0,NA,547.72,204.5,0,0
"39_5B_21","39_5B","39",883,109.375,0,0,NA,547.72,204.5,0,0
"39_5B_21","39_5B","39",884,109.5,0,0,NA,547.72,204.5,0,0
"39_5B_21","39_5B","39",885,109.625,0,0,NA,547.72,204.5,0,0
"39_5B_21","39_5B","39",886,109.75,0,0,NA,547.72,204.5,0,0
"39_5B_21","39_5B","39",887,109.875,0,0,NA,547.72,204.5,0,0
"39_5B_21","39_5B","39",888,110,0,0,NA,547.72,204.5,0,0
"39_5B_21","39_5B","39",889,110.125,0,0,NA,547.72,204.5,0,0
"39_5B_21","39_5B","39",890,110.25,0,0,NA,547.72,204.5,0,0
"39_5B_21","39_5B","39",891,110.375,0,0,NA,547.72,204.5,0,0
"39_5B_21","39_5B","39",892,110.5,0,0,NA,547.72,204.5,0,0
"39_5B_21","39_5B","39",893,110.625,0,0,NA,547.72,204.5,0,0
"39_5B_21","39_5B","39",894,110.75,0,0,NA,547.72,204.5,0,0
"39_5B_21","39_5B","39",895,110.875,0,0,NA,547.72,204.5,0,0
"39_5B_21","39_5B","39",896,111,0,0,NA,547.72,204.5,0,0
"39_5B_21","39_5B","39",897,111.125,0,0,NA,547.72,204.5,0,0
"39_5B_21","39_5B","39",898,111.25,0,0,NA,547.72,204.5,0,0
"39_5B_21","39_5B","39",899,111.375,0,0,NA,547.72,204.5,0,0
"39_5B_21","39_5B","39",900,111.5,0,0,NA,547.72,204.5,0,0
"39_5B_21","39_5B","39",901,111.625,0,0,NA,547.72,204.5,0,0
"39_5B_21","39_5B","39",902,111.75,0,0,NA,547.72,204.5,0,0
"39_5B_21","39_5B","39",903,111.875,0,0,NA,547.72,204.5,0,0
"39_5B_21","39_5B","39",904,112,0,0,NA,547.72,204.5,0,0
"39_5B_21","39_5B","39",905,112.125,0,0,NA,547.72,204.5,0,0
"39_5B_21","39_5B","39",906,112.25,0,0,NA,547.72,204.5,0,0
"39_5B_21","39_5B","39",907,112.375,0,0,NA,547.72,204.5,0,0
"39_5B_21","39_5B","39",908,112.5,0,0,NA,547.72,204.5,0,0
"39_5B_21","39_5B","39",909,112.625,0,0,NA,547.72,204.5,0,0
"39_5B_21","39_5B","39",910,112.75,0,0,NA,547.72,204.5,0,0
"39_5B_21","39_5B","39",911,112.875,0,0,NA,547.72,204.5,0,0
"39_5B_21","39_5B","39",912,113,0,0,NA,547.72,204.5,0,0
"39_5B_21","39_5B","39",913,113.125,0,0,NA,547.72,204.5,0,0
"39_5B_21","39_5B","39",914,113.25,0,0,NA,547.72,204.5,0,0
"39_5B_21","39_5B","39",915,113.375,0,0,NA,547.72,204.5,0,0
"39_5B_21","39_5B","39",916,113.5,0,0,NA,547.72,204.5,0,0
"39_5B_21","39_5B","39",917,113.625,0,0,NA,547.72,204.5,0,0
"39_5B_21","39_5B","39",918,113.75,0,0,NA,547.72,204.5,0,0
"39_5B_21","39_5B","39",919,113.875,0,0,NA,547.72,204.5,0,0
"39_5B_21","39_5B","39",920,114,0,0,NA,547.72,204.5,0,0
"39_5B_21","39_5B","39",921,114.125,0,0,NA,547.72,204.5,0,0
"39_5B_21","39_5B","39",922,114.25,0,0,NA,547.72,204.5,0,0
"39_5B_21","39_5B","39",923,114.375,0,0,NA,547.72,204.5,0,0
"39_5B_21","39_5B","39",924,114.5,0,0,NA,547.72,204.5,0,0
"39_5B_21","39_5B","39",925,114.625,0,0,NA,547.72,204.5,0,0
"39_5B_21","39_5B","39",926,114.75,0,0,NA,547.72,204.5,0,0
"39_5B_21","39_5B","39",927,114.875,0,0,NA,547.72,204.5,0,0
"39_5B_21","39_5B","39",928,115,0,0,NA,547.72,204.5,0,0
"39_5B_21","39_5B","39",929,115.125,0,0,NA,547.72,204.5,0,0
"39_5B_21","39_5B","39",930,115.25,0,0,NA,547.72,204.5,0,0
"39_5B_21","39_5B","39",931,115.375,0,0,NA,547.72,204.5,0,0
"39_5B_21","39_5B","39",932,115.5,0,0,NA,547.72,204.5,0,0
"39_5B_21","39_5B","39",933,115.625,0,0,NA,547.72,204.5,0,0
"39_5B_21","39_5B","39",934,115.75,0,0,NA,547.72,204.5,0,0
"39_5B_21","39_5B","39",935,115.875,0,0,NA,547.72,204.5,0,0
"39_5B_21","39_5B","39",936,116,0,0,NA,547.72,204.5,0,0
"39_5B_21","39_5B","39",937,116.125,0,0,NA,547.72,204.5,0,0
"39_5B_21","39_5B","39",938,116.25,0,0,NA,547.72,204.5,0,0
"39_5B_21","39_5B","39",939,116.375,0,0,NA,547.72,204.5,0,0
"39_5B_21","39_5B","39",940,116.5,0,0,NA,547.72,204.5,0,0
"39_5B_21","39_5B","39",941,116.625,0,0,NA,547.72,204.5,0,0
"39_5B_21","39_5B","39",942,116.75,0,0,NA,547.72,204.5,0,0
"39_5B_21","39_5B","39",943,116.875,0,0,NA,547.72,204.5,0,0
"39_5B_21","39_5B","39",944,117,0,0,NA,547.72,204.5,0,0
"39_5B_21","39_5B","39",945,117.125,0,0,NA,547.72,204.5,0,0
"39_5B_21","39_5B","39",946,117.25,0,0,NA,547.72,204.5,0,0
"39_5B_21","39_5B","39",947,117.375,0,0,NA,547.72,204.5,0,0
"39_5B_21","39_5B","39",948,117.5,0,0,NA,547.72,204.5,0,0
"39_5B_21","39_5B","39",949,117.625,0,0,NA,547.72,204.5,0,0
"39_5B_21","39_5B","39",950,117.75,0,0,NA,547.72,204.5,0,0
"39_5B_21","39_5B","39",951,117.875,0,0,NA,547.72,204.5,0,0
"39_5B_21","39_5B","39",952,118,0,0,NA,547.72,204.5,0,0
"39_5B_21","39_5B","39",953,118.125,0,0,NA,547.72,204.5,0,0
"39_5B_21","39_5B","39",954,118.25,0,0,NA,547.72,204.5,0,0
"39_5B_21","39_5B","39",955,118.375,0,0,NA,547.72,204.5,0,0
"39_5B_21","39_5B","39",956,118.5,0,0,NA,547.72,204.5,0,0
"39_5B_21","39_5B","39",957,118.625,0,0,NA,547.72,204.5,0,0
"39_5B_21","39_5B","39",958,118.75,0,0,NA,547.72,204.5,0,0
"39_5B_21","39_5B","39",959,118.875,0,0,NA,547.72,204.5,0,0
"39_5B_21","39_5B","39",960,119,0,0,NA,547.72,204.5,0,0
"39_5B_21","39_5B","39",961,119.125,0,0,NA,547.72,204.5,0,0
"39_5B_21","39_5B","39",962,119.25,0,0,NA,547.72,204.5,0,0
"39_5B_21","39_5B","39",963,119.375,0,1,3.30277562141418,560.5,199,13.9132454876639,0
"39_5B_21","39_5B","39",964,119.5,0,0,NA,560.5,199,0,0
"39_5B_21","39_5B","39",965,119.625,0,0,NA,560.5,199,0,0
"39_5B_21","39_5B","39",966,119.75,0,0,NA,560.5,199,0,0
"39_5B_21","39_5B","39",967,119.875,0,0,NA,560.5,199,0,0
"39_5B_21","39_5B","39",968,120,0,0,NA,560.5,199,0,0
"39_5B_21","39_5B","39",969,120.125,0,0,NA,560.5,199,0,0
"39_5B_21","39_5B","39",970,120.25,0,0,NA,560.5,199,0,0
"39_5B_21","39_5B","39",971,120.375,0,0,NA,560.5,199,0,0
"39_5B_21","39_5B","39",972,120.5,0,0,NA,560.5,199,0,0
"39_5B_21","39_5B","39",973,120.625,0,0,NA,560.5,199,0,0
"39_5B_21","39_5B","39",974,120.75,0,0,NA,560.5,199,0,0
"39_5B_21","39_5B","39",975,120.875,0,0,NA,560.5,199,0,0
"39_5B_21","39_5B","39",976,121,0,0,NA,560.5,199,0,0
"39_5B_21","39_5B","39",977,121.125,0,0,NA,560.5,199,0,0
"39_5B_21","39_5B","39",978,121.25,0,0,NA,560.5,199,0,0
"39_5B_21","39_5B","39",979,121.375,0,0,NA,560.5,199,0,0
"39_5B_21","39_5B","39",980,121.5,0,0,NA,560.5,199,0,0
"39_5B_21","39_5B","39",981,121.625,0,0,NA,560.5,199,0,0
"39_5B_21","39_5B","39",982,121.75,0,0,NA,560.5,199,0,0
"39_5B_21","39_5B","39",983,121.875,0,0,NA,560.5,199,0,0
"39_5B_21","39_5B","39",984,122,0,0,NA,560.5,199,0,0
"39_5B_21","39_5B","39",985,122.125,0,0,NA,560.5,199,0,0
"39_5B_21","39_5B","39",986,122.25,0,0,NA,560.5,199,0,0
"39_5B_21","39_5B","39",987,122.375,0,0,NA,560.5,199,0,0
"39_5B_21","39_5B","39",988,122.5,0,0,NA,560.5,199,0,NA
