"fname","cop_name","plate","frame","sec","drop","blobs","blob_size","x","y","distance","dot_product"
"56_2B_07","56_2B","56",0,-1.125,0,0,NA,161.5,260.5,NA,NA
"56_2B_07","56_2B","56",1,-1,0,0,NA,161.5,260.5,0,0
"56_2B_07","56_2B","56",2,-0.875,0,0,NA,161.5,260.5,0,0
"56_2B_07","56_2B","56",3,-0.75,0,0,NA,161.5,260.5,0,0
"56_2B_07","56_2B","56",4,-0.625,0,0,NA,161.5,260.5,0,0
"56_2B_07","56_2B","56",5,-0.5,0,0,NA,161.5,260.5,0,0
"56_2B_07","56_2B","56",6,-0.375,0,0,NA,161.5,260.5,0,0
"56_2B_07","56_2B","56",7,-0.25,0,0,NA,161.5,260.5,0,0
"56_2B_07","56_2B","56",8,-0.125,0,0,NA,161.5,260.5,0,0
"56_2B_07","56_2B","56",9,0,0,0,NA,161.5,260.5,0,0
"56_2B_07","56_2B","56",10,0.125,0,0,NA,161.5,260.5,0,0
"56_2B_07","56_2B","56",11,0.25,0,0,NA,161.5,260.5,0,0
"56_2B_07","56_2B","56",12,0.375,0,0,NA,161.5,260.5,0,0
"56_2B_07","56_2B","56",13,0.5,0,0,NA,161.5,260.5,0,0
"56_2B_07","56_2B","56",14,0.625,0,0,NA,161.5,260.5,0,0
"56_2B_07","56_2B","56",15,0.75,0,0,NA,161.5,260.5,0,0
"56_2B_07","56_2B","56",16,0.875,0,0,NA,161.5,260.5,0,0
"56_2B_07","56_2B","56",17,1,0,0,NA,161.5,260.5,0,0
"56_2B_07","56_2B","56",18,1.125,0,0,NA,161.5,260.5,0,0
"56_2B_07","56_2B","56",19,1.25,0,0,NA,161.5,260.5,0,0
"56_2B_07","56_2B","56",20,1.375,0,0,NA,161.5,260.5,0,0
"56_2B_07","56_2B","56",21,1.5,0,0,NA,161.5,260.5,0,0
"56_2B_07","56_2B","56",22,1.625,0,0,NA,161.5,260.5,0,0
"56_2B_07","56_2B","56",23,1.75,0,0,NA,161.5,260.5,0,0
"56_2B_07","56_2B","56",24,1.875,0,0,NA,161.5,260.5,0,0
"56_2B_07","56_2B","56",25,2,0,0,NA,161.5,260.5,0,0
"56_2B_07","56_2B","56",26,2.125,0,0,NA,161.5,260.5,0,0
"56_2B_07","56_2B","56",27,2.25,0,0,NA,161.5,260.5,0,0
"56_2B_07","56_2B","56",28,2.375,0,0,NA,161.5,260.5,0,0
"56_2B_07","56_2B","56",29,2.5,0,0,NA,161.5,260.5,0,0
"56_2B_07","56_2B","56",30,2.625,0,0,NA,161.5,260.5,0,0
"56_2B_07","56_2B","56",31,2.75,0,0,NA,161.5,260.5,0,0
"56_2B_07","56_2B","56",32,2.875,0,0,NA,161.5,260.5,0,0
"56_2B_07","56_2B","56",33,3,0,0,NA,161.5,260.5,0,0
"56_2B_07","56_2B","56",34,3.125,0,0,NA,161.5,260.5,0,0
"56_2B_07","56_2B","56",35,3.25,0,0,NA,161.5,260.5,0,0
"56_2B_07","56_2B","56",36,3.375,0,0,NA,161.5,260.5,0,0
"56_2B_07","56_2B","56",37,3.5,0,0,NA,161.5,260.5,0,0
"56_2B_07","56_2B","56",38,3.625,0,0,NA,161.5,260.5,0,0
"56_2B_07","56_2B","56",39,3.75,0,0,NA,161.5,260.5,0,0
"56_2B_07","56_2B","56",40,3.875,0,0,NA,161.5,260.5,0,0
"56_2B_07","56_2B","56",41,4,0,0,NA,161.5,260.5,0,0
"56_2B_07","56_2B","56",42,4.125,0,0,NA,161.5,260.5,0,0
"56_2B_07","56_2B","56",43,4.25,0,0,NA,161.5,260.5,0,0
"56_2B_07","56_2B","56",44,4.375,0,0,NA,161.5,260.5,0,0
"56_2B_07","56_2B","56",45,4.5,0,0,NA,161.5,260.5,0,0
"56_2B_07","56_2B","56",46,4.625,0,0,NA,161.5,260.5,0,0
"56_2B_07","56_2B","56",47,4.75,0,0,NA,161.5,260.5,0,0
"56_2B_07","56_2B","56",48,4.875,0,0,NA,161.5,260.5,0,0
"56_2B_07","56_2B","56",49,5,0,0,NA,161.5,260.5,0,0
"56_2B_07","56_2B","56",50,5.125,0,0,NA,161.5,260.5,0,0
"56_2B_07","56_2B","56",51,5.25,0,0,NA,161.5,260.5,0,0
"56_2B_07","56_2B","56",52,5.375,0,0,NA,161.5,260.5,0,0
"56_2B_07","56_2B","56",53,5.5,0,0,NA,161.5,260.5,0,0
"56_2B_07","56_2B","56",54,5.625,0,0,NA,161.5,260.5,0,0
"56_2B_07","56_2B","56",55,5.75,0,0,NA,161.5,260.5,0,0
"56_2B_07","56_2B","56",56,5.875,0,0,NA,161.5,260.5,0,0
"56_2B_07","56_2B","56",57,6,0,0,NA,161.5,260.5,0,0
"56_2B_07","56_2B","56",58,6.125,0,0,NA,161.5,260.5,0,0
"56_2B_07","56_2B","56",59,6.25,0,0,NA,161.5,260.5,0,0
"56_2B_07","56_2B","56",60,6.375,0,0,NA,161.5,260.5,0,0
"56_2B_07","56_2B","56",61,6.5,0,0,NA,161.5,260.5,0,0
"56_2B_07","56_2B","56",62,6.625,0,0,NA,161.5,260.5,0,0
"56_2B_07","56_2B","56",63,6.75,0,0,NA,161.5,260.5,0,0
"56_2B_07","56_2B","56",64,6.875,0,0,NA,161.5,260.5,0,0
"56_2B_07","56_2B","56",65,7,0,0,NA,161.5,260.5,0,0
"56_2B_07","56_2B","56",66,7.125,0,0,NA,161.5,260.5,0,0
"56_2B_07","56_2B","56",67,7.25,0,0,NA,161.5,260.5,0,0
"56_2B_07","56_2B","56",68,7.375,0,0,NA,161.5,260.5,0,0
"56_2B_07","56_2B","56",69,7.5,0,0,NA,161.5,260.5,0,0
"56_2B_07","56_2B","56",70,7.625,0,0,NA,161.5,260.5,0,0
"56_2B_07","56_2B","56",71,7.75,0,0,NA,161.5,260.5,0,0
"56_2B_07","56_2B","56",72,7.875,0,0,NA,161.5,260.5,0,0
"56_2B_07","56_2B","56",73,8,0,0,NA,161.5,260.5,0,0
"56_2B_07","56_2B","56",74,8.125,0,0,NA,161.5,260.5,0,0
"56_2B_07","56_2B","56",75,8.25,0,0,NA,161.5,260.5,0,0
"56_2B_07","56_2B","56",76,8.375,0,0,NA,161.5,260.5,0,0
"56_2B_07","56_2B","56",77,8.5,0,0,NA,161.5,260.5,0,0
"56_2B_07","56_2B","56",78,8.625,0,0,NA,161.5,260.5,0,0
"56_2B_07","56_2B","56",79,8.75,0,0,NA,161.5,260.5,0,0
"56_2B_07","56_2B","56",80,8.875,0,0,NA,161.5,260.5,0,0
"56_2B_07","56_2B","56",81,9,0,0,NA,161.5,260.5,0,0
"56_2B_07","56_2B","56",82,9.125,0,0,NA,161.5,260.5,0,0
"56_2B_07","56_2B","56",83,9.25,0,0,NA,161.5,260.5,0,0
"56_2B_07","56_2B","56",84,9.375,0,0,NA,161.5,260.5,0,0
"56_2B_07","56_2B","56",85,9.5,0,0,NA,161.5,260.5,0,0
"56_2B_07","56_2B","56",86,9.625,0,0,NA,161.5,260.5,0,0
"56_2B_07","56_2B","56",87,9.75,0,0,NA,161.5,260.5,0,0
"56_2B_07","56_2B","56",88,9.875,0,0,NA,161.5,260.5,0,0
"56_2B_07","56_2B","56",89,10,0,0,NA,161.5,260.5,0,0
"56_2B_07","56_2B","56",90,10.125,0,0,NA,161.5,260.5,0,0
"56_2B_07","56_2B","56",91,10.25,0,0,NA,161.5,260.5,0,0
"56_2B_07","56_2B","56",92,10.375,0,0,NA,161.5,260.5,0,0
"56_2B_07","56_2B","56",93,10.5,0,0,NA,161.5,260.5,0,0
"56_2B_07","56_2B","56",94,10.625,0,0,NA,161.5,260.5,0,0
"56_2B_07","56_2B","56",95,10.75,0,0,NA,161.5,260.5,0,0
"56_2B_07","56_2B","56",96,10.875,0,0,NA,161.5,260.5,0,0
"56_2B_07","56_2B","56",97,11,0,0,NA,161.5,260.5,0,0
"56_2B_07","56_2B","56",98,11.125,0,0,NA,161.5,260.5,0,0
"56_2B_07","56_2B","56",99,11.25,0,0,NA,161.5,260.5,0,0
"56_2B_07","56_2B","56",100,11.375,0,0,NA,161.5,260.5,0,0
"56_2B_07","56_2B","56",101,11.5,0,0,NA,161.5,260.5,0,0
"56_2B_07","56_2B","56",102,11.625,0,0,NA,161.5,260.5,0,0
"56_2B_07","56_2B","56",103,11.75,0,0,NA,161.5,260.5,0,0
"56_2B_07","56_2B","56",104,11.875,0,0,NA,161.5,260.5,0,0
"56_2B_07","56_2B","56",105,12,0,0,NA,161.5,260.5,0,0
"56_2B_07","56_2B","56",106,12.125,0,0,NA,161.5,260.5,0,0
"56_2B_07","56_2B","56",107,12.25,0,0,NA,161.5,260.5,0,0
"56_2B_07","56_2B","56",108,12.375,0,0,NA,161.5,260.5,0,0
"56_2B_07","56_2B","56",109,12.5,0,0,NA,161.5,260.5,0,0
"56_2B_07","56_2B","56",110,12.625,0,0,NA,161.5,260.5,0,0
"56_2B_07","56_2B","56",111,12.75,0,0,NA,161.5,260.5,0,0
"56_2B_07","56_2B","56",112,12.875,0,0,NA,161.5,260.5,0,0
"56_2B_07","56_2B","56",113,13,0,0,NA,161.5,260.5,0,0
"56_2B_07","56_2B","56",114,13.125,0,0,NA,161.5,260.5,0,0
"56_2B_07","56_2B","56",115,13.25,0,0,NA,161.5,260.5,0,0
"56_2B_07","56_2B","56",116,13.375,0,0,NA,161.5,260.5,0,0
"56_2B_07","56_2B","56",117,13.5,0,0,NA,161.5,260.5,0,0
"56_2B_07","56_2B","56",118,13.625,0,0,NA,161.5,260.5,0,0
"56_2B_07","56_2B","56",119,13.75,0,0,NA,161.5,260.5,0,0
"56_2B_07","56_2B","56",120,13.875,0,0,NA,161.5,260.5,0,0
"56_2B_07","56_2B","56",121,14,0,0,NA,161.5,260.5,0,0
"56_2B_07","56_2B","56",122,14.125,0,0,NA,161.5,260.5,0,0
"56_2B_07","56_2B","56",123,14.25,0,0,NA,161.5,260.5,0,0
"56_2B_07","56_2B","56",124,14.375,0,0,NA,161.5,260.5,0,0
"56_2B_07","56_2B","56",125,14.5,0,0,NA,161.5,260.5,0,0
"56_2B_07","56_2B","56",126,14.625,0,0,NA,161.5,260.5,0,0
"56_2B_07","56_2B","56",127,14.75,0,0,NA,161.5,260.5,0,0
"56_2B_07","56_2B","56",128,14.875,0,0,NA,161.5,260.5,0,0
"56_2B_07","56_2B","56",129,15,0,0,NA,161.5,260.5,0,0
"56_2B_07","56_2B","56",130,15.125,0,0,NA,161.5,260.5,0,0
"56_2B_07","56_2B","56",131,15.25,0,0,NA,161.5,260.5,0,0
"56_2B_07","56_2B","56",132,15.375,0,0,NA,161.5,260.5,0,0
"56_2B_07","56_2B","56",133,15.5,0,0,NA,161.5,260.5,0,0
"56_2B_07","56_2B","56",134,15.625,0,0,NA,161.5,260.5,0,0
"56_2B_07","56_2B","56",135,15.75,0,0,NA,161.5,260.5,0,0
"56_2B_07","56_2B","56",136,15.875,0,0,NA,161.5,260.5,0,0
"56_2B_07","56_2B","56",137,16,0,0,NA,161.5,260.5,0,0
"56_2B_07","56_2B","56",138,16.125,0,0,NA,161.5,260.5,0,0
"56_2B_07","56_2B","56",139,16.25,0,0,NA,161.5,260.5,0,0
"56_2B_07","56_2B","56",140,16.375,0,0,NA,161.5,260.5,0,0
"56_2B_07","56_2B","56",141,16.5,0,0,NA,161.5,260.5,0,0
"56_2B_07","56_2B","56",142,16.625,0,0,NA,161.5,260.5,0,0
"56_2B_07","56_2B","56",143,16.75,0,0,NA,161.5,260.5,0,0
"56_2B_07","56_2B","56",144,16.875,0,0,NA,161.5,260.5,0,0
"56_2B_07","56_2B","56",145,17,0,0,NA,161.5,260.5,0,0
"56_2B_07","56_2B","56",146,17.125,0,0,NA,161.5,260.5,0,0
"56_2B_07","56_2B","56",147,17.25,0,0,NA,161.5,260.5,0,0
"56_2B_07","56_2B","56",148,17.375,0,0,NA,161.5,260.5,0,0
"56_2B_07","56_2B","56",149,17.5,0,0,NA,161.5,260.5,0,0
"56_2B_07","56_2B","56",150,17.625,0,0,NA,161.5,260.5,0,0
"56_2B_07","56_2B","56",151,17.75,0,0,NA,161.5,260.5,0,0
"56_2B_07","56_2B","56",152,17.875,0,0,NA,161.5,260.5,0,0
"56_2B_07","56_2B","56",153,18,0,0,NA,161.5,260.5,0,0
"56_2B_07","56_2B","56",154,18.125,0,0,NA,161.5,260.5,0,0
"56_2B_07","56_2B","56",155,18.25,0,0,NA,161.5,260.5,0,0
"56_2B_07","56_2B","56",156,18.375,0,0,NA,161.5,260.5,0,0
"56_2B_07","56_2B","56",157,18.5,0,0,NA,161.5,260.5,0,0
"56_2B_07","56_2B","56",158,18.625,0,0,NA,161.5,260.5,0,0
"56_2B_07","56_2B","56",159,18.75,0,0,NA,161.5,260.5,0,0
"56_2B_07","56_2B","56",160,18.875,0,0,NA,161.5,260.5,0,0
"56_2B_07","56_2B","56",161,19,0,0,NA,161.5,260.5,0,0
"56_2B_07","56_2B","56",162,19.125,0,0,NA,161.5,260.5,0,0
"56_2B_07","56_2B","56",163,19.25,0,0,NA,161.5,260.5,0,0
"56_2B_07","56_2B","56",164,19.375,0,0,NA,161.5,260.5,0,0
"56_2B_07","56_2B","56",165,19.5,0,0,NA,161.5,260.5,0,0
"56_2B_07","56_2B","56",166,19.625,0,0,NA,161.5,260.5,0,0
"56_2B_07","56_2B","56",167,19.75,0,0,NA,161.5,260.5,0,0
"56_2B_07","56_2B","56",168,19.875,0,0,NA,161.5,260.5,0,0
"56_2B_07","56_2B","56",169,20,0,0,NA,161.5,260.5,0,0
"56_2B_07","56_2B","56",170,20.125,0,0,NA,161.5,260.5,0,0
"56_2B_07","56_2B","56",171,20.25,0,0,NA,161.5,260.5,0,0
"56_2B_07","56_2B","56",172,20.375,0,0,NA,161.5,260.5,0,0
"56_2B_07","56_2B","56",173,20.5,0,0,NA,161.5,260.5,0,0
"56_2B_07","56_2B","56",174,20.625,0,0,NA,161.5,260.5,0,0
"56_2B_07","56_2B","56",175,20.75,0,0,NA,161.5,260.5,0,0
"56_2B_07","56_2B","56",176,20.875,0,0,NA,161.5,260.5,0,0
"56_2B_07","56_2B","56",177,21,0,0,NA,161.5,260.5,0,0
"56_2B_07","56_2B","56",178,21.125,0,0,NA,161.5,260.5,0,0
"56_2B_07","56_2B","56",179,21.25,0,0,NA,161.5,260.5,0,0
"56_2B_07","56_2B","56",180,21.375,0,0,NA,161.5,260.5,0,0
"56_2B_07","56_2B","56",181,21.5,0,0,NA,161.5,260.5,0,0
"56_2B_07","56_2B","56",182,21.625,0,0,NA,161.5,260.5,0,0
"56_2B_07","56_2B","56",183,21.75,0,0,NA,161.5,260.5,0,0
"56_2B_07","56_2B","56",184,21.875,0,0,NA,161.5,260.5,0,0
"56_2B_07","56_2B","56",185,22,0,0,NA,161.5,260.5,0,0
"56_2B_07","56_2B","56",186,22.125,0,0,NA,161.5,260.5,0,0
"56_2B_07","56_2B","56",187,22.25,0,0,NA,161.5,260.5,0,0
"56_2B_07","56_2B","56",188,22.375,0,0,NA,161.5,260.5,0,0
"56_2B_07","56_2B","56",189,22.5,0,0,NA,161.5,260.5,0,0
"56_2B_07","56_2B","56",190,22.625,0,0,NA,161.5,260.5,0,0
"56_2B_07","56_2B","56",191,22.75,0,0,NA,161.5,260.5,0,0
"56_2B_07","56_2B","56",192,22.875,0,0,NA,161.5,260.5,0,0
"56_2B_07","56_2B","56",193,23,0,0,NA,161.5,260.5,0,0
"56_2B_07","56_2B","56",194,23.125,0,0,NA,161.5,260.5,0,0
"56_2B_07","56_2B","56",195,23.25,0,0,NA,161.5,260.5,0,0
"56_2B_07","56_2B","56",196,23.375,0,0,NA,161.5,260.5,0,0
"56_2B_07","56_2B","56",197,23.5,0,0,NA,161.5,260.5,0,0
"56_2B_07","56_2B","56",198,23.625,0,0,NA,161.5,260.5,0,0
"56_2B_07","56_2B","56",199,23.75,0,0,NA,161.5,260.5,0,0
"56_2B_07","56_2B","56",200,23.875,0,0,NA,161.5,260.5,0,0
"56_2B_07","56_2B","56",201,24,0,0,NA,161.5,260.5,0,0
"56_2B_07","56_2B","56",202,24.125,0,0,NA,161.5,260.5,0,0
"56_2B_07","56_2B","56",203,24.25,0,0,NA,161.5,260.5,0,0
"56_2B_07","56_2B","56",204,24.375,0,0,NA,161.5,260.5,0,0
"56_2B_07","56_2B","56",205,24.5,0,0,NA,161.5,260.5,0,0
"56_2B_07","56_2B","56",206,24.625,0,0,NA,161.5,260.5,0,0
"56_2B_07","56_2B","56",207,24.75,0,0,NA,161.5,260.5,0,0
"56_2B_07","56_2B","56",208,24.875,0,0,NA,161.5,260.5,0,0
"56_2B_07","56_2B","56",209,25,0,0,NA,161.5,260.5,0,0
"56_2B_07","56_2B","56",210,25.125,0,0,NA,161.5,260.5,0,0
"56_2B_07","56_2B","56",211,25.25,0,0,NA,161.5,260.5,0,0
"56_2B_07","56_2B","56",212,25.375,0,0,NA,161.5,260.5,0,0
"56_2B_07","56_2B","56",213,25.5,0,0,NA,161.5,260.5,0,0
"56_2B_07","56_2B","56",214,25.625,0,0,NA,161.5,260.5,0,0
"56_2B_07","56_2B","56",215,25.75,0,0,NA,161.5,260.5,0,0
"56_2B_07","56_2B","56",216,25.875,0,0,NA,161.5,260.5,0,0
"56_2B_07","56_2B","56",217,26,0,0,NA,161.5,260.5,0,0
"56_2B_07","56_2B","56",218,26.125,0,0,NA,161.5,260.5,0,0
"56_2B_07","56_2B","56",219,26.25,0,0,NA,161.5,260.5,0,0
"56_2B_07","56_2B","56",220,26.375,0,0,NA,161.5,260.5,0,0
"56_2B_07","56_2B","56",221,26.5,0,0,NA,161.5,260.5,0,0
"56_2B_07","56_2B","56",222,26.625,0,0,NA,161.5,260.5,0,0
"56_2B_07","56_2B","56",223,26.75,0,0,NA,161.5,260.5,0,0
"56_2B_07","56_2B","56",224,26.875,0,0,NA,161.5,260.5,0,0
"56_2B_07","56_2B","56",225,27,0,0,NA,161.5,260.5,0,0
"56_2B_07","56_2B","56",226,27.125,0,0,NA,161.5,260.5,0,0
"56_2B_07","56_2B","56",227,27.25,0,0,NA,161.5,260.5,0,0
"56_2B_07","56_2B","56",228,27.375,0,0,NA,161.5,260.5,0,0
"56_2B_07","56_2B","56",229,27.5,0,0,NA,161.5,260.5,0,0
"56_2B_07","56_2B","56",230,27.625,0,0,NA,161.5,260.5,0,0
"56_2B_07","56_2B","56",231,27.75,0,0,NA,161.5,260.5,0,0
"56_2B_07","56_2B","56",232,27.875,0,0,NA,161.5,260.5,0,0
"56_2B_07","56_2B","56",233,28,0,0,NA,161.5,260.5,0,0
"56_2B_07","56_2B","56",234,28.125,0,0,NA,161.5,260.5,0,0
"56_2B_07","56_2B","56",235,28.25,0,0,NA,161.5,260.5,0,0
"56_2B_07","56_2B","56",236,28.375,0,0,NA,161.5,260.5,0,0
"56_2B_07","56_2B","56",237,28.5,0,0,NA,161.5,260.5,0,0
"56_2B_07","56_2B","56",238,28.625,0,1,3.16227769851685,161.5,260.5,0,0
"56_2B_07","56_2B","56",239,28.75,0,0,NA,161.5,260.5,0,0
"56_2B_07","56_2B","56",240,28.875,0,0,NA,161.5,260.5,0,0
"56_2B_07","56_2B","56",241,29,0,0,NA,161.5,260.5,0,0
"56_2B_07","56_2B","56",242,29.125,0,0,NA,161.5,260.5,0,0
"56_2B_07","56_2B","56",243,29.25,0,0,NA,161.5,260.5,0,0
"56_2B_07","56_2B","56",244,29.375,0,0,NA,161.5,260.5,0,0
"56_2B_07","56_2B","56",245,29.5,0,0,NA,161.5,260.5,0,0
"56_2B_07","56_2B","56",246,29.625,0,0,NA,161.5,260.5,0,0
"56_2B_07","56_2B","56",247,29.75,0,0,NA,161.5,260.5,0,0
"56_2B_07","56_2B","56",248,29.875,0,0,NA,161.5,260.5,0,0
"56_2B_07","56_2B","56",249,30,0,0,NA,161.5,260.5,0,0
"56_2B_07","56_2B","56",250,30.125,0,0,NA,161.5,260.5,0,0
"56_2B_07","56_2B","56",251,30.25,0,0,NA,161.5,260.5,0,0
"56_2B_07","56_2B","56",252,30.375,0,0,NA,161.5,260.5,0,0
"56_2B_07","56_2B","56",253,30.5,0,0,NA,161.5,260.5,0,0
"56_2B_07","56_2B","56",254,30.625,0,0,NA,161.5,260.5,0,0
"56_2B_07","56_2B","56",255,30.75,0,0,NA,161.5,260.5,0,0
"56_2B_07","56_2B","56",256,30.875,0,0,NA,161.5,260.5,0,0
"56_2B_07","56_2B","56",257,31,0,0,NA,161.5,260.5,0,0
"56_2B_07","56_2B","56",258,31.125,0,0,NA,161.5,260.5,0,0
"56_2B_07","56_2B","56",259,31.25,0,0,NA,161.5,260.5,0,0
"56_2B_07","56_2B","56",260,31.375,0,0,NA,161.5,260.5,0,0
"56_2B_07","56_2B","56",261,31.5,0,0,NA,161.5,260.5,0,0
"56_2B_07","56_2B","56",262,31.625,0,0,NA,161.5,260.5,0,0
"56_2B_07","56_2B","56",263,31.75,0,0,NA,161.5,260.5,0,0
"56_2B_07","56_2B","56",264,31.875,0,0,NA,161.5,260.5,0,0
"56_2B_07","56_2B","56",265,32,0,0,NA,161.5,260.5,0,0
"56_2B_07","56_2B","56",266,32.125,0,0,NA,161.5,260.5,0,0
"56_2B_07","56_2B","56",267,32.25,0,0,NA,161.5,260.5,0,0
"56_2B_07","56_2B","56",268,32.375,0,0,NA,161.5,260.5,0,0
"56_2B_07","56_2B","56",269,32.5,0,0,NA,161.5,260.5,0,0
"56_2B_07","56_2B","56",270,32.625,0,0,NA,161.5,260.5,0,0
"56_2B_07","56_2B","56",271,32.75,0,0,NA,161.5,260.5,0,0
"56_2B_07","56_2B","56",272,32.875,0,0,NA,161.5,260.5,0,0
"56_2B_07","56_2B","56",273,33,0,0,NA,161.5,260.5,0,0
"56_2B_07","56_2B","56",274,33.125,0,0,NA,161.5,260.5,0,0
"56_2B_07","56_2B","56",275,33.25,0,0,NA,161.5,260.5,0,0
"56_2B_07","56_2B","56",276,33.375,0,0,NA,161.5,260.5,0,0
"56_2B_07","56_2B","56",277,33.5,0,0,NA,161.5,260.5,0,0
"56_2B_07","56_2B","56",278,33.625,0,0,NA,161.5,260.5,0,0
"56_2B_07","56_2B","56",279,33.75,0,0,NA,161.5,260.5,0,0
"56_2B_07","56_2B","56",280,33.875,0,0,NA,161.5,260.5,0,0
"56_2B_07","56_2B","56",281,34,0,0,NA,161.5,260.5,0,0
"56_2B_07","56_2B","56",282,34.125,0,0,NA,161.5,260.5,0,0
"56_2B_07","56_2B","56",283,34.25,0,0,NA,161.5,260.5,0,0
"56_2B_07","56_2B","56",284,34.375,0,0,NA,161.5,260.5,0,0
"56_2B_07","56_2B","56",285,34.5,0,0,NA,161.5,260.5,0,0
"56_2B_07","56_2B","56",286,34.625,0,0,NA,161.5,260.5,0,0
"56_2B_07","56_2B","56",287,34.75,0,0,NA,161.5,260.5,0,0
"56_2B_07","56_2B","56",288,34.875,0,0,NA,161.5,260.5,0,0
"56_2B_07","56_2B","56",289,35,0,0,NA,161.5,260.5,0,0
"56_2B_07","56_2B","56",290,35.125,0,0,NA,161.5,260.5,0,0
"56_2B_07","56_2B","56",291,35.25,0,0,NA,161.5,260.5,0,0
"56_2B_07","56_2B","56",292,35.375,0,0,NA,161.5,260.5,0,0
"56_2B_07","56_2B","56",293,35.5,0,0,NA,161.5,260.5,0,0
"56_2B_07","56_2B","56",294,35.625,0,0,NA,161.5,260.5,0,0
"56_2B_07","56_2B","56",295,35.75,0,0,NA,161.5,260.5,0,0
"56_2B_07","56_2B","56",296,35.875,0,0,NA,161.5,260.5,0,0
"56_2B_07","56_2B","56",297,36,0,0,NA,161.5,260.5,0,0
"56_2B_07","56_2B","56",298,36.125,0,0,NA,161.5,260.5,0,0
"56_2B_07","56_2B","56",299,36.25,0,0,NA,161.5,260.5,0,0
"56_2B_07","56_2B","56",300,36.375,0,0,NA,161.5,260.5,0,0
"56_2B_07","56_2B","56",301,36.5,0,0,NA,161.5,260.5,0,0
"56_2B_07","56_2B","56",302,36.625,0,0,NA,161.5,260.5,0,0
"56_2B_07","56_2B","56",303,36.75,0,0,NA,161.5,260.5,0,0
"56_2B_07","56_2B","56",304,36.875,0,0,NA,161.5,260.5,0,0
"56_2B_07","56_2B","56",305,37,0,0,NA,161.5,260.5,0,0
"56_2B_07","56_2B","56",306,37.125,0,0,NA,161.5,260.5,0,0
"56_2B_07","56_2B","56",307,37.25,0,0,NA,161.5,260.5,0,0
"56_2B_07","56_2B","56",308,37.375,0,0,NA,161.5,260.5,0,0
"56_2B_07","56_2B","56",309,37.5,0,0,NA,161.5,260.5,0,0
"56_2B_07","56_2B","56",310,37.625,0,0,NA,161.5,260.5,0,0
"56_2B_07","56_2B","56",311,37.75,0,0,NA,161.5,260.5,0,0
"56_2B_07","56_2B","56",312,37.875,0,0,NA,161.5,260.5,0,0
"56_2B_07","56_2B","56",313,38,0,0,NA,161.5,260.5,0,0
"56_2B_07","56_2B","56",314,38.125,0,0,NA,161.5,260.5,0,0
"56_2B_07","56_2B","56",315,38.25,0,0,NA,161.5,260.5,0,0
"56_2B_07","56_2B","56",316,38.375,0,0,NA,161.5,260.5,0,0
"56_2B_07","56_2B","56",317,38.5,0,0,NA,161.5,260.5,0,0
"56_2B_07","56_2B","56",318,38.625,0,0,NA,161.5,260.5,0,0
"56_2B_07","56_2B","56",319,38.75,0,0,NA,161.5,260.5,0,0
"56_2B_07","56_2B","56",320,38.875,0,0,NA,161.5,260.5,0,0
"56_2B_07","56_2B","56",321,39,0,0,NA,161.5,260.5,0,0
"56_2B_07","56_2B","56",322,39.125,0,0,NA,161.5,260.5,0,0
"56_2B_07","56_2B","56",323,39.25,0,0,NA,161.5,260.5,0,0
"56_2B_07","56_2B","56",324,39.375,0,0,NA,161.5,260.5,0,0
"56_2B_07","56_2B","56",325,39.5,0,0,NA,161.5,260.5,0,0
"56_2B_07","56_2B","56",326,39.625,0,0,NA,161.5,260.5,0,0
"56_2B_07","56_2B","56",327,39.75,0,0,NA,161.5,260.5,0,0
"56_2B_07","56_2B","56",328,39.875,0,0,NA,161.5,260.5,0,0
"56_2B_07","56_2B","56",329,40,0,0,NA,161.5,260.5,0,0
"56_2B_07","56_2B","56",330,40.125,0,0,NA,161.5,260.5,0,0
"56_2B_07","56_2B","56",331,40.25,0,0,NA,161.5,260.5,0,0
"56_2B_07","56_2B","56",332,40.375,0,0,NA,161.5,260.5,0,0
"56_2B_07","56_2B","56",333,40.5,0,0,NA,161.5,260.5,0,0
"56_2B_07","56_2B","56",334,40.625,0,0,NA,161.5,260.5,0,0
"56_2B_07","56_2B","56",335,40.75,0,0,NA,161.5,260.5,0,0
"56_2B_07","56_2B","56",336,40.875,0,0,NA,161.5,260.5,0,0
"56_2B_07","56_2B","56",337,41,0,0,NA,161.5,260.5,0,0
"56_2B_07","56_2B","56",338,41.125,0,0,NA,161.5,260.5,0,0
"56_2B_07","56_2B","56",339,41.25,0,0,NA,161.5,260.5,0,0
"56_2B_07","56_2B","56",340,41.375,0,0,NA,161.5,260.5,0,0
"56_2B_07","56_2B","56",341,41.5,0,0,NA,161.5,260.5,0,0
"56_2B_07","56_2B","56",342,41.625,0,0,NA,161.5,260.5,0,0
"56_2B_07","56_2B","56",343,41.75,0,0,NA,161.5,260.5,0,0
"56_2B_07","56_2B","56",344,41.875,0,0,NA,161.5,260.5,0,0
"56_2B_07","56_2B","56",345,42,0,0,NA,161.5,260.5,0,0
"56_2B_07","56_2B","56",346,42.125,0,0,NA,161.5,260.5,0,0
"56_2B_07","56_2B","56",347,42.25,0,0,NA,161.5,260.5,0,0
"56_2B_07","56_2B","56",348,42.375,0,0,NA,161.5,260.5,0,0
"56_2B_07","56_2B","56",349,42.5,0,0,NA,161.5,260.5,0,0
"56_2B_07","56_2B","56",350,42.625,0,0,NA,161.5,260.5,0,0
"56_2B_07","56_2B","56",351,42.75,0,0,NA,161.5,260.5,0,0
"56_2B_07","56_2B","56",352,42.875,0,0,NA,161.5,260.5,0,0
"56_2B_07","56_2B","56",353,43,0,0,NA,161.5,260.5,0,0
"56_2B_07","56_2B","56",354,43.125,0,0,NA,161.5,260.5,0,0
"56_2B_07","56_2B","56",355,43.25,0,0,NA,161.5,260.5,0,0
"56_2B_07","56_2B","56",356,43.375,0,0,NA,161.5,260.5,0,0
"56_2B_07","56_2B","56",357,43.5,0,0,NA,161.5,260.5,0,0
"56_2B_07","56_2B","56",358,43.625,0,0,NA,161.5,260.5,0,0
"56_2B_07","56_2B","56",359,43.75,0,0,NA,161.5,260.5,0,0
"56_2B_07","56_2B","56",360,43.875,0,0,NA,161.5,260.5,0,0
"56_2B_07","56_2B","56",361,44,0,0,NA,161.5,260.5,0,0
"56_2B_07","56_2B","56",362,44.125,0,0,NA,161.5,260.5,0,0
"56_2B_07","56_2B","56",363,44.25,0,0,NA,161.5,260.5,0,0
"56_2B_07","56_2B","56",364,44.375,0,0,NA,161.5,260.5,0,0
"56_2B_07","56_2B","56",365,44.5,0,0,NA,161.5,260.5,0,0
"56_2B_07","56_2B","56",366,44.625,0,0,NA,161.5,260.5,0,0
"56_2B_07","56_2B","56",367,44.75,0,0,NA,161.5,260.5,0,0
"56_2B_07","56_2B","56",368,44.875,0,0,NA,161.5,260.5,0,0
"56_2B_07","56_2B","56",369,45,0,0,NA,161.5,260.5,0,0
"56_2B_07","56_2B","56",370,45.125,0,0,NA,161.5,260.5,0,0
"56_2B_07","56_2B","56",371,45.25,0,0,NA,161.5,260.5,0,0
"56_2B_07","56_2B","56",372,45.375,0,0,NA,161.5,260.5,0,0
"56_2B_07","56_2B","56",373,45.5,0,0,NA,161.5,260.5,0,0
"56_2B_07","56_2B","56",374,45.625,0,0,NA,161.5,260.5,0,0
"56_2B_07","56_2B","56",375,45.75,0,0,NA,161.5,260.5,0,0
"56_2B_07","56_2B","56",376,45.875,0,0,NA,161.5,260.5,0,0
"56_2B_07","56_2B","56",377,46,0,0,NA,161.5,260.5,0,0
"56_2B_07","56_2B","56",378,46.125,0,0,NA,161.5,260.5,0,0
"56_2B_07","56_2B","56",379,46.25,0,0,NA,161.5,260.5,0,0
"56_2B_07","56_2B","56",380,46.375,0,0,NA,161.5,260.5,0,0
"56_2B_07","56_2B","56",381,46.5,0,0,NA,161.5,260.5,0,0
"56_2B_07","56_2B","56",382,46.625,0,0,NA,161.5,260.5,0,0
"56_2B_07","56_2B","56",383,46.75,0,0,NA,161.5,260.5,0,0
"56_2B_07","56_2B","56",384,46.875,0,0,NA,161.5,260.5,0,0
"56_2B_07","56_2B","56",385,47,0,0,NA,161.5,260.5,0,0
"56_2B_07","56_2B","56",386,47.125,0,0,NA,161.5,260.5,0,0
"56_2B_07","56_2B","56",387,47.25,0,0,NA,161.5,260.5,0,0
"56_2B_07","56_2B","56",388,47.375,0,0,NA,161.5,260.5,0,0
"56_2B_07","56_2B","56",389,47.5,0,0,NA,161.5,260.5,0,0
"56_2B_07","56_2B","56",390,47.625,0,0,NA,161.5,260.5,0,0
"56_2B_07","56_2B","56",391,47.75,0,0,NA,161.5,260.5,0,0
"56_2B_07","56_2B","56",392,47.875,0,0,NA,161.5,260.5,0,0
"56_2B_07","56_2B","56",393,48,0,0,NA,161.5,260.5,0,0
"56_2B_07","56_2B","56",394,48.125,0,0,NA,161.5,260.5,0,0
"56_2B_07","56_2B","56",395,48.25,0,0,NA,161.5,260.5,0,0
"56_2B_07","56_2B","56",396,48.375,0,0,NA,161.5,260.5,0,0
"56_2B_07","56_2B","56",397,48.5,0,0,NA,161.5,260.5,0,0
"56_2B_07","56_2B","56",398,48.625,0,0,NA,161.5,260.5,0,0
"56_2B_07","56_2B","56",399,48.75,0,0,NA,161.5,260.5,0,0
"56_2B_07","56_2B","56",400,48.875,0,0,NA,161.5,260.5,0,0
"56_2B_07","56_2B","56",401,49,0,0,NA,161.5,260.5,0,0
"56_2B_07","56_2B","56",402,49.125,0,0,NA,161.5,260.5,0,0
"56_2B_07","56_2B","56",403,49.25,0,0,NA,161.5,260.5,0,0
"56_2B_07","56_2B","56",404,49.375,0,0,NA,161.5,260.5,0,0
"56_2B_07","56_2B","56",405,49.5,0,0,NA,161.5,260.5,0,0
"56_2B_07","56_2B","56",406,49.625,0,0,NA,161.5,260.5,0,0
"56_2B_07","56_2B","56",407,49.75,0,0,NA,161.5,260.5,0,0
"56_2B_07","56_2B","56",408,49.875,0,0,NA,161.5,260.5,0,0
"56_2B_07","56_2B","56",409,50,0,0,NA,161.5,260.5,0,0
"56_2B_07","56_2B","56",410,50.125,0,0,NA,161.5,260.5,0,0
"56_2B_07","56_2B","56",411,50.25,0,0,NA,161.5,260.5,0,0
"56_2B_07","56_2B","56",412,50.375,0,0,NA,161.5,260.5,0,0
"56_2B_07","56_2B","56",413,50.5,0,0,NA,161.5,260.5,0,0
"56_2B_07","56_2B","56",414,50.625,0,0,NA,161.5,260.5,0,0
"56_2B_07","56_2B","56",415,50.75,0,0,NA,161.5,260.5,0,0
"56_2B_07","56_2B","56",416,50.875,0,0,NA,161.5,260.5,0,0
"56_2B_07","56_2B","56",417,51,0,0,NA,161.5,260.5,0,0
"56_2B_07","56_2B","56",418,51.125,0,0,NA,161.5,260.5,0,0
"56_2B_07","56_2B","56",419,51.25,0,0,NA,161.5,260.5,0,0
"56_2B_07","56_2B","56",420,51.375,0,0,NA,161.5,260.5,0,0
"56_2B_07","56_2B","56",421,51.5,0,0,NA,161.5,260.5,0,0
"56_2B_07","56_2B","56",422,51.625,0,0,NA,161.5,260.5,0,0
"56_2B_07","56_2B","56",423,51.75,0,0,NA,161.5,260.5,0,0
"56_2B_07","56_2B","56",424,51.875,0,0,NA,161.5,260.5,0,0
"56_2B_07","56_2B","56",425,52,0,0,NA,161.5,260.5,0,0
"56_2B_07","56_2B","56",426,52.125,0,0,NA,161.5,260.5,0,0
"56_2B_07","56_2B","56",427,52.25,0,0,NA,161.5,260.5,0,0
"56_2B_07","56_2B","56",428,52.375,0,0,NA,161.5,260.5,0,0
"56_2B_07","56_2B","56",429,52.5,0,0,NA,161.5,260.5,0,0
"56_2B_07","56_2B","56",430,52.625,0,0,NA,161.5,260.5,0,0
"56_2B_07","56_2B","56",431,52.75,0,0,NA,161.5,260.5,0,0
"56_2B_07","56_2B","56",432,52.875,0,0,NA,161.5,260.5,0,0
"56_2B_07","56_2B","56",433,53,0,0,NA,161.5,260.5,0,0
"56_2B_07","56_2B","56",434,53.125,0,0,NA,161.5,260.5,0,0
"56_2B_07","56_2B","56",435,53.25,0,0,NA,161.5,260.5,0,0
"56_2B_07","56_2B","56",436,53.375,0,0,NA,161.5,260.5,0,0
"56_2B_07","56_2B","56",437,53.5,0,0,NA,161.5,260.5,0,0
"56_2B_07","56_2B","56",438,53.625,0,0,NA,161.5,260.5,0,0
"56_2B_07","56_2B","56",439,53.75,0,0,NA,161.5,260.5,0,0
"56_2B_07","56_2B","56",440,53.875,0,0,NA,161.5,260.5,0,0
"56_2B_07","56_2B","56",441,54,0,0,NA,161.5,260.5,0,0
"56_2B_07","56_2B","56",442,54.125,0,0,NA,161.5,260.5,0,0
"56_2B_07","56_2B","56",443,54.25,0,0,NA,161.5,260.5,0,0
"56_2B_07","56_2B","56",444,54.375,0,0,NA,161.5,260.5,0,0
"56_2B_07","56_2B","56",445,54.5,0,0,NA,161.5,260.5,0,0
"56_2B_07","56_2B","56",446,54.625,0,0,NA,161.5,260.5,0,0
"56_2B_07","56_2B","56",447,54.75,0,0,NA,161.5,260.5,0,0
"56_2B_07","56_2B","56",448,54.875,0,0,NA,161.5,260.5,0,0
"56_2B_07","56_2B","56",449,55,0,0,NA,161.5,260.5,0,0
"56_2B_07","56_2B","56",450,55.125,0,0,NA,161.5,260.5,0,0
"56_2B_07","56_2B","56",451,55.25,0,0,NA,161.5,260.5,0,0
"56_2B_07","56_2B","56",452,55.375,0,0,NA,161.5,260.5,0,0
"56_2B_07","56_2B","56",453,55.5,0,0,NA,161.5,260.5,0,0
"56_2B_07","56_2B","56",454,55.625,0,0,NA,161.5,260.5,0,0
"56_2B_07","56_2B","56",455,55.75,0,0,NA,161.5,260.5,0,0
"56_2B_07","56_2B","56",456,55.875,0,0,NA,161.5,260.5,0,0
"56_2B_07","56_2B","56",457,56,0,0,NA,161.5,260.5,0,0
"56_2B_07","56_2B","56",458,56.125,0,0,NA,161.5,260.5,0,0
"56_2B_07","56_2B","56",459,56.25,0,0,NA,161.5,260.5,0,0
"56_2B_07","56_2B","56",460,56.375,0,0,NA,161.5,260.5,0,0
"56_2B_07","56_2B","56",461,56.5,0,0,NA,161.5,260.5,0,0
"56_2B_07","56_2B","56",462,56.625,0,0,NA,161.5,260.5,0,0
"56_2B_07","56_2B","56",463,56.75,0,0,NA,161.5,260.5,0,0
"56_2B_07","56_2B","56",464,56.875,0,0,NA,161.5,260.5,0,0
"56_2B_07","56_2B","56",465,57,0,0,NA,161.5,260.5,0,0
"56_2B_07","56_2B","56",466,57.125,0,0,NA,161.5,260.5,0,0
"56_2B_07","56_2B","56",467,57.25,0,0,NA,161.5,260.5,0,0
"56_2B_07","56_2B","56",468,57.375,0,0,NA,161.5,260.5,0,0
"56_2B_07","56_2B","56",469,57.5,0,0,NA,161.5,260.5,0,0
"56_2B_07","56_2B","56",470,57.625,0,0,NA,161.5,260.5,0,0
"56_2B_07","56_2B","56",471,57.75,0,0,NA,161.5,260.5,0,0
"56_2B_07","56_2B","56",472,57.875,0,0,NA,161.5,260.5,0,0
"56_2B_07","56_2B","56",473,58,0,0,NA,161.5,260.5,0,0
"56_2B_07","56_2B","56",474,58.125,0,0,NA,161.5,260.5,0,0
"56_2B_07","56_2B","56",475,58.25,0,0,NA,161.5,260.5,0,0
"56_2B_07","56_2B","56",476,58.375,0,0,NA,161.5,260.5,0,0
"56_2B_07","56_2B","56",477,58.5,0,0,NA,161.5,260.5,0,0
"56_2B_07","56_2B","56",478,58.625,0,0,NA,161.5,260.5,0,0
"56_2B_07","56_2B","56",479,58.75,0,0,NA,161.5,260.5,0,0
"56_2B_07","56_2B","56",480,58.875,0,0,NA,161.5,260.5,0,0
"56_2B_07","56_2B","56",481,59,0,0,NA,161.5,260.5,0,0
"56_2B_07","56_2B","56",482,59.125,0,0,NA,161.5,260.5,0,0
"56_2B_07","56_2B","56",483,59.25,0,0,NA,161.5,260.5,0,0
"56_2B_07","56_2B","56",484,59.375,0,0,NA,161.5,260.5,0,0
"56_2B_07","56_2B","56",485,59.5,0,0,NA,161.5,260.5,0,0
"56_2B_07","56_2B","56",486,59.625,1,1,3.79621624946594,198.41,266.72,37.4304221189129,27.7830000000001
"56_2B_07","56_2B","56",487,59.75,1,1,3.10949110984802,199.37,265.49,1.56028843487352,0.209149475097665
"56_2B_07","56_2B","56",488,59.875,1,14,3.10949110984802,199.514068603516,265.432403564453,0.155155122076738,6.06972610684316
"56_2B_07","56_2B","56",489,60,1,5,3.60555124282837,241.48,265.02,41.9679577138846,-1198.67076619377
"56_2B_07","56_2B","56",490,60.125,1,3,3.60555124282837,212.889709472656,262.237762451172,28.725346964241,-17.5361853034331
"56_2B_07","56_2B","56",491,60.25,1,1,3.60555124282837,213.57,261.55,0.96737396638299,-0.0748285034179405
"56_2B_07","56_2B","56",492,60.375,1,1,3.60555124282837,214.38,262.46,1.21827747249957,-1.72239999999995
"56_2B_07","56_2B","56",493,60.5,1,1,3.61316752433777,213.95,260.95,1.57003184681075,2.01610000000001
"56_2B_07","56_2B","56",494,60.625,0,1,3.61316752433777,213.37,259.78,1.30587135660448,0
"56_2B_07","56_2B","56",495,60.75,0,0,NA,213.37,259.78,0,0
"56_2B_07","56_2B","56",496,60.875,0,0,NA,213.37,259.78,0,0
"56_2B_07","56_2B","56",497,61,0,0,NA,213.37,259.78,0,0
"56_2B_07","56_2B","56",498,61.125,0,0,NA,213.37,259.78,0,0
"56_2B_07","56_2B","56",499,61.25,0,0,NA,213.37,259.78,0,0
"56_2B_07","56_2B","56",500,61.375,0,0,NA,213.37,259.78,0,0
"56_2B_07","56_2B","56",501,61.5,0,0,NA,213.37,259.78,0,0
"56_2B_07","56_2B","56",502,61.625,0,0,NA,213.37,259.78,0,0
"56_2B_07","56_2B","56",503,61.75,0,0,NA,213.37,259.78,0,0
"56_2B_07","56_2B","56",504,61.875,0,0,NA,213.37,259.78,0,0
"56_2B_07","56_2B","56",505,62,0,0,NA,213.37,259.78,0,0
"56_2B_07","56_2B","56",506,62.125,0,0,NA,213.37,259.78,0,0
"56_2B_07","56_2B","56",507,62.25,0,0,NA,213.37,259.78,0,0
"56_2B_07","56_2B","56",508,62.375,0,0,NA,213.37,259.78,0,0
"56_2B_07","56_2B","56",509,62.5,0,0,NA,213.37,259.78,0,0
"56_2B_07","56_2B","56",510,62.625,0,0,NA,213.37,259.78,0,0
"56_2B_07","56_2B","56",511,62.75,0,0,NA,213.37,259.78,0,0
"56_2B_07","56_2B","56",512,62.875,0,0,NA,213.37,259.78,0,0
"56_2B_07","56_2B","56",513,63,0,0,NA,213.37,259.78,0,0
"56_2B_07","56_2B","56",514,63.125,0,0,NA,213.37,259.78,0,0
"56_2B_07","56_2B","56",515,63.25,0,0,NA,213.37,259.78,0,0
"56_2B_07","56_2B","56",516,63.375,0,0,NA,213.37,259.78,0,0
"56_2B_07","56_2B","56",517,63.5,0,0,NA,213.37,259.78,0,0
"56_2B_07","56_2B","56",518,63.625,0,0,NA,213.37,259.78,0,0
"56_2B_07","56_2B","56",519,63.75,0,0,NA,213.37,259.78,0,0
"56_2B_07","56_2B","56",520,63.875,0,0,NA,213.37,259.78,0,0
"56_2B_07","56_2B","56",521,64,0,0,NA,213.37,259.78,0,0
"56_2B_07","56_2B","56",522,64.125,0,0,NA,213.37,259.78,0,0
"56_2B_07","56_2B","56",523,64.25,0,0,NA,213.37,259.78,0,0
"56_2B_07","56_2B","56",524,64.375,0,0,NA,213.37,259.78,0,0
"56_2B_07","56_2B","56",525,64.5,0,0,NA,213.37,259.78,0,0
"56_2B_07","56_2B","56",526,64.625,0,0,NA,213.37,259.78,0,0
"56_2B_07","56_2B","56",527,64.75,0,0,NA,213.37,259.78,0,0
"56_2B_07","56_2B","56",528,64.875,0,0,NA,213.37,259.78,0,0
"56_2B_07","56_2B","56",529,65,0,0,NA,213.37,259.78,0,0
"56_2B_07","56_2B","56",530,65.125,0,0,NA,213.37,259.78,0,0
"56_2B_07","56_2B","56",531,65.25,0,0,NA,213.37,259.78,0,0
"56_2B_07","56_2B","56",532,65.375,0,0,NA,213.37,259.78,0,0
"56_2B_07","56_2B","56",533,65.5,0,0,NA,213.37,259.78,0,0
"56_2B_07","56_2B","56",534,65.625,0,0,NA,213.37,259.78,0,0
"56_2B_07","56_2B","56",535,65.75,0,0,NA,213.37,259.78,0,0
"56_2B_07","56_2B","56",536,65.875,0,0,NA,213.37,259.78,0,0
"56_2B_07","56_2B","56",537,66,0,0,NA,213.37,259.78,0,0
"56_2B_07","56_2B","56",538,66.125,0,0,NA,213.37,259.78,0,0
"56_2B_07","56_2B","56",539,66.25,0,0,NA,213.37,259.78,0,0
"56_2B_07","56_2B","56",540,66.375,0,0,NA,213.37,259.78,0,0
"56_2B_07","56_2B","56",541,66.5,0,0,NA,213.37,259.78,0,0
"56_2B_07","56_2B","56",542,66.625,0,0,NA,213.37,259.78,0,0
"56_2B_07","56_2B","56",543,66.75,0,0,NA,213.37,259.78,0,0
"56_2B_07","56_2B","56",544,66.875,0,0,NA,213.37,259.78,0,0
"56_2B_07","56_2B","56",545,67,0,0,NA,213.37,259.78,0,0
"56_2B_07","56_2B","56",546,67.125,0,0,NA,213.37,259.78,0,0
"56_2B_07","56_2B","56",547,67.25,0,0,NA,213.37,259.78,0,0
"56_2B_07","56_2B","56",548,67.375,0,0,NA,213.37,259.78,0,0
"56_2B_07","56_2B","56",549,67.5,0,0,NA,213.37,259.78,0,0
"56_2B_07","56_2B","56",550,67.625,0,0,NA,213.37,259.78,0,0
"56_2B_07","56_2B","56",551,67.75,0,0,NA,213.37,259.78,0,0
"56_2B_07","56_2B","56",552,67.875,0,0,NA,213.37,259.78,0,0
"56_2B_07","56_2B","56",553,68,0,0,NA,213.37,259.78,0,0
"56_2B_07","56_2B","56",554,68.125,0,0,NA,213.37,259.78,0,0
"56_2B_07","56_2B","56",555,68.25,0,0,NA,213.37,259.78,0,0
"56_2B_07","56_2B","56",556,68.375,0,0,NA,213.37,259.78,0,0
"56_2B_07","56_2B","56",557,68.5,0,0,NA,213.37,259.78,0,0
"56_2B_07","56_2B","56",558,68.625,0,0,NA,213.37,259.78,0,0
"56_2B_07","56_2B","56",559,68.75,0,0,NA,213.37,259.78,0,0
"56_2B_07","56_2B","56",560,68.875,0,0,NA,213.37,259.78,0,0
"56_2B_07","56_2B","56",561,69,0,0,NA,213.37,259.78,0,0
"56_2B_07","56_2B","56",562,69.125,0,0,NA,213.37,259.78,0,0
"56_2B_07","56_2B","56",563,69.25,0,0,NA,213.37,259.78,0,0
"56_2B_07","56_2B","56",564,69.375,0,0,NA,213.37,259.78,0,0
"56_2B_07","56_2B","56",565,69.5,0,0,NA,213.37,259.78,0,0
"56_2B_07","56_2B","56",566,69.625,0,0,NA,213.37,259.78,0,0
"56_2B_07","56_2B","56",567,69.75,0,0,NA,213.37,259.78,0,0
"56_2B_07","56_2B","56",568,69.875,0,0,NA,213.37,259.78,0,0
"56_2B_07","56_2B","56",569,70,0,0,NA,213.37,259.78,0,0
"56_2B_07","56_2B","56",570,70.125,0,0,NA,213.37,259.78,0,0
"56_2B_07","56_2B","56",571,70.25,0,0,NA,213.37,259.78,0,0
"56_2B_07","56_2B","56",572,70.375,0,0,NA,213.37,259.78,0,0
"56_2B_07","56_2B","56",573,70.5,0,0,NA,213.37,259.78,0,0
"56_2B_07","56_2B","56",574,70.625,0,0,NA,213.37,259.78,0,0
"56_2B_07","56_2B","56",575,70.75,0,0,NA,213.37,259.78,0,0
"56_2B_07","56_2B","56",576,70.875,0,0,NA,213.37,259.78,0,0
"56_2B_07","56_2B","56",577,71,0,0,NA,213.37,259.78,0,0
"56_2B_07","56_2B","56",578,71.125,0,0,NA,213.37,259.78,0,0
"56_2B_07","56_2B","56",579,71.25,0,0,NA,213.37,259.78,0,0
"56_2B_07","56_2B","56",580,71.375,0,0,NA,213.37,259.78,0,0
"56_2B_07","56_2B","56",581,71.5,0,0,NA,213.37,259.78,0,0
"56_2B_07","56_2B","56",582,71.625,0,0,NA,213.37,259.78,0,0
"56_2B_07","56_2B","56",583,71.75,0,0,NA,213.37,259.78,0,0
"56_2B_07","56_2B","56",584,71.875,0,0,NA,213.37,259.78,0,0
"56_2B_07","56_2B","56",585,72,0,0,NA,213.37,259.78,0,0
"56_2B_07","56_2B","56",586,72.125,0,0,NA,213.37,259.78,0,0
"56_2B_07","56_2B","56",587,72.25,0,0,NA,213.37,259.78,0,0
"56_2B_07","56_2B","56",588,72.375,0,0,NA,213.37,259.78,0,0
"56_2B_07","56_2B","56",589,72.5,0,0,NA,213.37,259.78,0,0
"56_2B_07","56_2B","56",590,72.625,0,0,NA,213.37,259.78,0,0
"56_2B_07","56_2B","56",591,72.75,0,0,NA,213.37,259.78,0,0
"56_2B_07","56_2B","56",592,72.875,0,0,NA,213.37,259.78,0,0
"56_2B_07","56_2B","56",593,73,0,0,NA,213.37,259.78,0,0
"56_2B_07","56_2B","56",594,73.125,0,0,NA,213.37,259.78,0,0
"56_2B_07","56_2B","56",595,73.25,0,0,NA,213.37,259.78,0,0
"56_2B_07","56_2B","56",596,73.375,0,0,NA,213.37,259.78,0,0
"56_2B_07","56_2B","56",597,73.5,0,0,NA,213.37,259.78,0,0
"56_2B_07","56_2B","56",598,73.625,0,0,NA,213.37,259.78,0,0
"56_2B_07","56_2B","56",599,73.75,0,0,NA,213.37,259.78,0,0
"56_2B_07","56_2B","56",600,73.875,0,0,NA,213.37,259.78,0,0
"56_2B_07","56_2B","56",601,74,0,0,NA,213.37,259.78,0,0
"56_2B_07","56_2B","56",602,74.125,0,0,NA,213.37,259.78,0,0
"56_2B_07","56_2B","56",603,74.25,0,0,NA,213.37,259.78,0,0
"56_2B_07","56_2B","56",604,74.375,0,0,NA,213.37,259.78,0,0
"56_2B_07","56_2B","56",605,74.5,0,0,NA,213.37,259.78,0,0
"56_2B_07","56_2B","56",606,74.625,0,0,NA,213.37,259.78,0,0
"56_2B_07","56_2B","56",607,74.75,0,0,NA,213.37,259.78,0,0
"56_2B_07","56_2B","56",608,74.875,0,0,NA,213.37,259.78,0,0
"56_2B_07","56_2B","56",609,75,0,0,NA,213.37,259.78,0,0
"56_2B_07","56_2B","56",610,75.125,0,0,NA,213.37,259.78,0,0
"56_2B_07","56_2B","56",611,75.25,0,0,NA,213.37,259.78,0,0
"56_2B_07","56_2B","56",612,75.375,0,0,NA,213.37,259.78,0,0
"56_2B_07","56_2B","56",613,75.5,0,0,NA,213.37,259.78,0,0
"56_2B_07","56_2B","56",614,75.625,0,0,NA,213.37,259.78,0,0
"56_2B_07","56_2B","56",615,75.75,0,0,NA,213.37,259.78,0,0
"56_2B_07","56_2B","56",616,75.875,0,0,NA,213.37,259.78,0,0
"56_2B_07","56_2B","56",617,76,0,0,NA,213.37,259.78,0,0
"56_2B_07","56_2B","56",618,76.125,0,0,NA,213.37,259.78,0,0
"56_2B_07","56_2B","56",619,76.25,0,0,NA,213.37,259.78,0,0
"56_2B_07","56_2B","56",620,76.375,0,0,NA,213.37,259.78,0,0
"56_2B_07","56_2B","56",621,76.5,0,0,NA,213.37,259.78,0,0
"56_2B_07","56_2B","56",622,76.625,0,0,NA,213.37,259.78,0,0
"56_2B_07","56_2B","56",623,76.75,0,0,NA,213.37,259.78,0,0
"56_2B_07","56_2B","56",624,76.875,0,0,NA,213.37,259.78,0,0
"56_2B_07","56_2B","56",625,77,0,0,NA,213.37,259.78,0,0
"56_2B_07","56_2B","56",626,77.125,0,0,NA,213.37,259.78,0,0
"56_2B_07","56_2B","56",627,77.25,0,0,NA,213.37,259.78,0,0
"56_2B_07","56_2B","56",628,77.375,0,0,NA,213.37,259.78,0,0
"56_2B_07","56_2B","56",629,77.5,0,0,NA,213.37,259.78,0,0
"56_2B_07","56_2B","56",630,77.625,0,0,NA,213.37,259.78,0,0
"56_2B_07","56_2B","56",631,77.75,0,0,NA,213.37,259.78,0,0
"56_2B_07","56_2B","56",632,77.875,0,0,NA,213.37,259.78,0,0
"56_2B_07","56_2B","56",633,78,0,0,NA,213.37,259.78,0,0
"56_2B_07","56_2B","56",634,78.125,0,0,NA,213.37,259.78,0,0
"56_2B_07","56_2B","56",635,78.25,0,0,NA,213.37,259.78,0,0
"56_2B_07","56_2B","56",636,78.375,0,0,NA,213.37,259.78,0,0
"56_2B_07","56_2B","56",637,78.5,0,0,NA,213.37,259.78,0,0
"56_2B_07","56_2B","56",638,78.625,0,0,NA,213.37,259.78,0,0
"56_2B_07","56_2B","56",639,78.75,0,0,NA,213.37,259.78,0,0
"56_2B_07","56_2B","56",640,78.875,0,0,NA,213.37,259.78,0,0
"56_2B_07","56_2B","56",641,79,0,0,NA,213.37,259.78,0,0
"56_2B_07","56_2B","56",642,79.125,0,0,NA,213.37,259.78,0,0
"56_2B_07","56_2B","56",643,79.25,0,0,NA,213.37,259.78,0,0
"56_2B_07","56_2B","56",644,79.375,0,0,NA,213.37,259.78,0,0
"56_2B_07","56_2B","56",645,79.5,0,0,NA,213.37,259.78,0,0
"56_2B_07","56_2B","56",646,79.625,0,0,NA,213.37,259.78,0,0
"56_2B_07","56_2B","56",647,79.75,0,0,NA,213.37,259.78,0,0
"56_2B_07","56_2B","56",648,79.875,0,0,NA,213.37,259.78,0,0
"56_2B_07","56_2B","56",649,80,0,0,NA,213.37,259.78,0,0
"56_2B_07","56_2B","56",650,80.125,0,0,NA,213.37,259.78,0,0
"56_2B_07","56_2B","56",651,80.25,0,0,NA,213.37,259.78,0,0
"56_2B_07","56_2B","56",652,80.375,0,0,NA,213.37,259.78,0,0
"56_2B_07","56_2B","56",653,80.5,0,0,NA,213.37,259.78,0,0
"56_2B_07","56_2B","56",654,80.625,0,0,NA,213.37,259.78,0,0
"56_2B_07","56_2B","56",655,80.75,0,0,NA,213.37,259.78,0,0
"56_2B_07","56_2B","56",656,80.875,0,0,NA,213.37,259.78,0,0
"56_2B_07","56_2B","56",657,81,0,0,NA,213.37,259.78,0,0
"56_2B_07","56_2B","56",658,81.125,0,0,NA,213.37,259.78,0,0
"56_2B_07","56_2B","56",659,81.25,0,0,NA,213.37,259.78,0,0
"56_2B_07","56_2B","56",660,81.375,0,0,NA,213.37,259.78,0,0
"56_2B_07","56_2B","56",661,81.5,0,0,NA,213.37,259.78,0,0
"56_2B_07","56_2B","56",662,81.625,0,0,NA,213.37,259.78,0,0
"56_2B_07","56_2B","56",663,81.75,0,0,NA,213.37,259.78,0,0
"56_2B_07","56_2B","56",664,81.875,0,0,NA,213.37,259.78,0,0
"56_2B_07","56_2B","56",665,82,0,0,NA,213.37,259.78,0,0
"56_2B_07","56_2B","56",666,82.125,0,0,NA,213.37,259.78,0,0
"56_2B_07","56_2B","56",667,82.25,0,0,NA,213.37,259.78,0,0
"56_2B_07","56_2B","56",668,82.375,0,0,NA,213.37,259.78,0,0
"56_2B_07","56_2B","56",669,82.5,0,0,NA,213.37,259.78,0,0
"56_2B_07","56_2B","56",670,82.625,0,0,NA,213.37,259.78,0,0
"56_2B_07","56_2B","56",671,82.75,0,0,NA,213.37,259.78,0,0
"56_2B_07","56_2B","56",672,82.875,0,0,NA,213.37,259.78,0,0
"56_2B_07","56_2B","56",673,83,0,0,NA,213.37,259.78,0,0
"56_2B_07","56_2B","56",674,83.125,0,0,NA,213.37,259.78,0,0
"56_2B_07","56_2B","56",675,83.25,0,0,NA,213.37,259.78,0,0
"56_2B_07","56_2B","56",676,83.375,0,0,NA,213.37,259.78,0,0
"56_2B_07","56_2B","56",677,83.5,0,0,NA,213.37,259.78,0,0
"56_2B_07","56_2B","56",678,83.625,0,0,NA,213.37,259.78,0,0
"56_2B_07","56_2B","56",679,83.75,0,0,NA,213.37,259.78,0,0
"56_2B_07","56_2B","56",680,83.875,0,0,NA,213.37,259.78,0,0
"56_2B_07","56_2B","56",681,84,0,0,NA,213.37,259.78,0,0
"56_2B_07","56_2B","56",682,84.125,0,0,NA,213.37,259.78,0,0
"56_2B_07","56_2B","56",683,84.25,0,0,NA,213.37,259.78,0,0
"56_2B_07","56_2B","56",684,84.375,0,0,NA,213.37,259.78,0,0
"56_2B_07","56_2B","56",685,84.5,0,0,NA,213.37,259.78,0,0
"56_2B_07","56_2B","56",686,84.625,0,0,NA,213.37,259.78,0,0
"56_2B_07","56_2B","56",687,84.75,0,0,NA,213.37,259.78,0,0
"56_2B_07","56_2B","56",688,84.875,0,0,NA,213.37,259.78,0,0
"56_2B_07","56_2B","56",689,85,0,0,NA,213.37,259.78,0,0
"56_2B_07","56_2B","56",690,85.125,0,0,NA,213.37,259.78,0,0
"56_2B_07","56_2B","56",691,85.25,0,0,NA,213.37,259.78,0,0
"56_2B_07","56_2B","56",692,85.375,0,0,NA,213.37,259.78,0,0
"56_2B_07","56_2B","56",693,85.5,0,0,NA,213.37,259.78,0,0
"56_2B_07","56_2B","56",694,85.625,0,0,NA,213.37,259.78,0,0
"56_2B_07","56_2B","56",695,85.75,0,0,NA,213.37,259.78,0,0
"56_2B_07","56_2B","56",696,85.875,0,0,NA,213.37,259.78,0,0
"56_2B_07","56_2B","56",697,86,0,0,NA,213.37,259.78,0,0
"56_2B_07","56_2B","56",698,86.125,0,0,NA,213.37,259.78,0,0
"56_2B_07","56_2B","56",699,86.25,0,0,NA,213.37,259.78,0,0
"56_2B_07","56_2B","56",700,86.375,0,0,NA,213.37,259.78,0,0
"56_2B_07","56_2B","56",701,86.5,0,0,NA,213.37,259.78,0,0
"56_2B_07","56_2B","56",702,86.625,0,0,NA,213.37,259.78,0,0
"56_2B_07","56_2B","56",703,86.75,0,0,NA,213.37,259.78,0,0
"56_2B_07","56_2B","56",704,86.875,0,0,NA,213.37,259.78,0,0
"56_2B_07","56_2B","56",705,87,0,0,NA,213.37,259.78,0,0
"56_2B_07","56_2B","56",706,87.125,0,0,NA,213.37,259.78,0,0
"56_2B_07","56_2B","56",707,87.25,0,0,NA,213.37,259.78,0,0
"56_2B_07","56_2B","56",708,87.375,0,0,NA,213.37,259.78,0,0
"56_2B_07","56_2B","56",709,87.5,0,0,NA,213.37,259.78,0,0
"56_2B_07","56_2B","56",710,87.625,0,0,NA,213.37,259.78,0,0
"56_2B_07","56_2B","56",711,87.75,0,0,NA,213.37,259.78,0,0
"56_2B_07","56_2B","56",712,87.875,0,0,NA,213.37,259.78,0,0
"56_2B_07","56_2B","56",713,88,0,0,NA,213.37,259.78,0,0
"56_2B_07","56_2B","56",714,88.125,0,0,NA,213.37,259.78,0,0
"56_2B_07","56_2B","56",715,88.25,0,0,NA,213.37,259.78,0,0
"56_2B_07","56_2B","56",716,88.375,0,0,NA,213.37,259.78,0,0
"56_2B_07","56_2B","56",717,88.5,0,0,NA,213.37,259.78,0,0
"56_2B_07","56_2B","56",718,88.625,0,0,NA,213.37,259.78,0,0
"56_2B_07","56_2B","56",719,88.75,0,0,NA,213.37,259.78,0,0
"56_2B_07","56_2B","56",720,88.875,0,0,NA,213.37,259.78,0,0
"56_2B_07","56_2B","56",721,89,0,0,NA,213.37,259.78,0,0
"56_2B_07","56_2B","56",722,89.125,0,0,NA,213.37,259.78,0,0
"56_2B_07","56_2B","56",723,89.25,0,0,NA,213.37,259.78,0,0
"56_2B_07","56_2B","56",724,89.375,0,0,NA,213.37,259.78,0,0
"56_2B_07","56_2B","56",725,89.5,0,0,NA,213.37,259.78,0,0
"56_2B_07","56_2B","56",726,89.625,0,0,NA,213.37,259.78,0,0
"56_2B_07","56_2B","56",727,89.75,0,0,NA,213.37,259.78,0,0
"56_2B_07","56_2B","56",728,89.875,0,0,NA,213.37,259.78,0,0
"56_2B_07","56_2B","56",729,90,0,0,NA,213.37,259.78,0,0
"56_2B_07","56_2B","56",730,90.125,0,0,NA,213.37,259.78,0,0
"56_2B_07","56_2B","56",731,90.25,0,0,NA,213.37,259.78,0,0
"56_2B_07","56_2B","56",732,90.375,0,0,NA,213.37,259.78,0,0
"56_2B_07","56_2B","56",733,90.5,0,0,NA,213.37,259.78,0,0
"56_2B_07","56_2B","56",734,90.625,0,0,NA,213.37,259.78,0,0
"56_2B_07","56_2B","56",735,90.75,0,0,NA,213.37,259.78,0,0
"56_2B_07","56_2B","56",736,90.875,0,0,NA,213.37,259.78,0,0
"56_2B_07","56_2B","56",737,91,0,0,NA,213.37,259.78,0,0
"56_2B_07","56_2B","56",738,91.125,0,0,NA,213.37,259.78,0,0
"56_2B_07","56_2B","56",739,91.25,0,0,NA,213.37,259.78,0,0
"56_2B_07","56_2B","56",740,91.375,0,0,NA,213.37,259.78,0,0
"56_2B_07","56_2B","56",741,91.5,0,0,NA,213.37,259.78,0,0
"56_2B_07","56_2B","56",742,91.625,0,0,NA,213.37,259.78,0,0
"56_2B_07","56_2B","56",743,91.75,0,0,NA,213.37,259.78,0,0
"56_2B_07","56_2B","56",744,91.875,0,0,NA,213.37,259.78,0,0
"56_2B_07","56_2B","56",745,92,0,0,NA,213.37,259.78,0,0
"56_2B_07","56_2B","56",746,92.125,0,0,NA,213.37,259.78,0,0
"56_2B_07","56_2B","56",747,92.25,0,0,NA,213.37,259.78,0,0
"56_2B_07","56_2B","56",748,92.375,0,0,NA,213.37,259.78,0,0
"56_2B_07","56_2B","56",749,92.5,0,0,NA,213.37,259.78,0,0
"56_2B_07","56_2B","56",750,92.625,0,0,NA,213.37,259.78,0,0
"56_2B_07","56_2B","56",751,92.75,0,0,NA,213.37,259.78,0,0
"56_2B_07","56_2B","56",752,92.875,0,0,NA,213.37,259.78,0,0
"56_2B_07","56_2B","56",753,93,0,0,NA,213.37,259.78,0,0
"56_2B_07","56_2B","56",754,93.125,0,0,NA,213.37,259.78,0,0
"56_2B_07","56_2B","56",755,93.25,0,0,NA,213.37,259.78,0,0
"56_2B_07","56_2B","56",756,93.375,0,0,NA,213.37,259.78,0,0
"56_2B_07","56_2B","56",757,93.5,0,0,NA,213.37,259.78,0,0
"56_2B_07","56_2B","56",758,93.625,0,0,NA,213.37,259.78,0,0
"56_2B_07","56_2B","56",759,93.75,0,0,NA,213.37,259.78,0,0
"56_2B_07","56_2B","56",760,93.875,0,0,NA,213.37,259.78,0,0
"56_2B_07","56_2B","56",761,94,0,0,NA,213.37,259.78,0,0
"56_2B_07","56_2B","56",762,94.125,0,0,NA,213.37,259.78,0,0
"56_2B_07","56_2B","56",763,94.25,0,0,NA,213.37,259.78,0,0
"56_2B_07","56_2B","56",764,94.375,0,0,NA,213.37,259.78,0,0
"56_2B_07","56_2B","56",765,94.5,0,0,NA,213.37,259.78,0,0
"56_2B_07","56_2B","56",766,94.625,0,0,NA,213.37,259.78,0,0
"56_2B_07","56_2B","56",767,94.75,0,0,NA,213.37,259.78,0,0
"56_2B_07","56_2B","56",768,94.875,0,0,NA,213.37,259.78,0,0
"56_2B_07","56_2B","56",769,95,0,0,NA,213.37,259.78,0,0
"56_2B_07","56_2B","56",770,95.125,0,0,NA,213.37,259.78,0,0
"56_2B_07","56_2B","56",771,95.25,0,0,NA,213.37,259.78,0,0
"56_2B_07","56_2B","56",772,95.375,0,0,NA,213.37,259.78,0,0
"56_2B_07","56_2B","56",773,95.5,0,0,NA,213.37,259.78,0,0
"56_2B_07","56_2B","56",774,95.625,0,0,NA,213.37,259.78,0,0
"56_2B_07","56_2B","56",775,95.75,0,0,NA,213.37,259.78,0,0
"56_2B_07","56_2B","56",776,95.875,0,0,NA,213.37,259.78,0,0
"56_2B_07","56_2B","56",777,96,0,0,NA,213.37,259.78,0,0
"56_2B_07","56_2B","56",778,96.125,0,0,NA,213.37,259.78,0,0
"56_2B_07","56_2B","56",779,96.25,0,0,NA,213.37,259.78,0,0
"56_2B_07","56_2B","56",780,96.375,0,0,NA,213.37,259.78,0,0
"56_2B_07","56_2B","56",781,96.5,0,0,NA,213.37,259.78,0,0
"56_2B_07","56_2B","56",782,96.625,0,0,NA,213.37,259.78,0,0
"56_2B_07","56_2B","56",783,96.75,0,0,NA,213.37,259.78,0,0
"56_2B_07","56_2B","56",784,96.875,0,0,NA,213.37,259.78,0,0
"56_2B_07","56_2B","56",785,97,0,0,NA,213.37,259.78,0,0
"56_2B_07","56_2B","56",786,97.125,0,0,NA,213.37,259.78,0,0
"56_2B_07","56_2B","56",787,97.25,0,0,NA,213.37,259.78,0,0
"56_2B_07","56_2B","56",788,97.375,0,0,NA,213.37,259.78,0,0
"56_2B_07","56_2B","56",789,97.5,0,0,NA,213.37,259.78,0,0
"56_2B_07","56_2B","56",790,97.625,0,0,NA,213.37,259.78,0,0
"56_2B_07","56_2B","56",791,97.75,0,0,NA,213.37,259.78,0,0
"56_2B_07","56_2B","56",792,97.875,0,0,NA,213.37,259.78,0,0
"56_2B_07","56_2B","56",793,98,0,0,NA,213.37,259.78,0,0
"56_2B_07","56_2B","56",794,98.125,0,0,NA,213.37,259.78,0,0
"56_2B_07","56_2B","56",795,98.25,0,0,NA,213.37,259.78,0,0
"56_2B_07","56_2B","56",796,98.375,0,0,NA,213.37,259.78,0,0
"56_2B_07","56_2B","56",797,98.5,0,0,NA,213.37,259.78,0,0
"56_2B_07","56_2B","56",798,98.625,0,0,NA,213.37,259.78,0,0
"56_2B_07","56_2B","56",799,98.75,0,0,NA,213.37,259.78,0,0
"56_2B_07","56_2B","56",800,98.875,0,0,NA,213.37,259.78,0,0
"56_2B_07","56_2B","56",801,99,0,0,NA,213.37,259.78,0,0
"56_2B_07","56_2B","56",802,99.125,0,0,NA,213.37,259.78,0,0
"56_2B_07","56_2B","56",803,99.25,0,0,NA,213.37,259.78,0,0
"56_2B_07","56_2B","56",804,99.375,0,0,NA,213.37,259.78,0,0
"56_2B_07","56_2B","56",805,99.5,0,0,NA,213.37,259.78,0,0
"56_2B_07","56_2B","56",806,99.625,0,0,NA,213.37,259.78,0,0
"56_2B_07","56_2B","56",807,99.75,0,0,NA,213.37,259.78,0,0
"56_2B_07","56_2B","56",808,99.875,0,0,NA,213.37,259.78,0,0
"56_2B_07","56_2B","56",809,100,0,0,NA,213.37,259.78,0,0
"56_2B_07","56_2B","56",810,100.125,0,0,NA,213.37,259.78,0,0
"56_2B_07","56_2B","56",811,100.25,0,0,NA,213.37,259.78,0,0
"56_2B_07","56_2B","56",812,100.375,0,0,NA,213.37,259.78,0,0
"56_2B_07","56_2B","56",813,100.5,0,0,NA,213.37,259.78,0,0
"56_2B_07","56_2B","56",814,100.625,0,0,NA,213.37,259.78,0,0
"56_2B_07","56_2B","56",815,100.75,0,0,NA,213.37,259.78,0,0
"56_2B_07","56_2B","56",816,100.875,0,0,NA,213.37,259.78,0,0
"56_2B_07","56_2B","56",817,101,0,0,NA,213.37,259.78,0,0
"56_2B_07","56_2B","56",818,101.125,0,0,NA,213.37,259.78,0,0
"56_2B_07","56_2B","56",819,101.25,0,0,NA,213.37,259.78,0,0
"56_2B_07","56_2B","56",820,101.375,0,0,NA,213.37,259.78,0,0
"56_2B_07","56_2B","56",821,101.5,0,0,NA,213.37,259.78,0,0
"56_2B_07","56_2B","56",822,101.625,0,0,NA,213.37,259.78,0,0
"56_2B_07","56_2B","56",823,101.75,0,0,NA,213.37,259.78,0,0
"56_2B_07","56_2B","56",824,101.875,0,0,NA,213.37,259.78,0,0
"56_2B_07","56_2B","56",825,102,0,0,NA,213.37,259.78,0,0
"56_2B_07","56_2B","56",826,102.125,0,0,NA,213.37,259.78,0,0
"56_2B_07","56_2B","56",827,102.25,0,0,NA,213.37,259.78,0,0
"56_2B_07","56_2B","56",828,102.375,0,0,NA,213.37,259.78,0,0
"56_2B_07","56_2B","56",829,102.5,0,0,NA,213.37,259.78,0,0
"56_2B_07","56_2B","56",830,102.625,0,0,NA,213.37,259.78,0,0
"56_2B_07","56_2B","56",831,102.75,0,0,NA,213.37,259.78,0,0
"56_2B_07","56_2B","56",832,102.875,0,0,NA,213.37,259.78,0,0
"56_2B_07","56_2B","56",833,103,0,0,NA,213.37,259.78,0,0
"56_2B_07","56_2B","56",834,103.125,0,0,NA,213.37,259.78,0,0
"56_2B_07","56_2B","56",835,103.25,0,0,NA,213.37,259.78,0,0
"56_2B_07","56_2B","56",836,103.375,0,0,NA,213.37,259.78,0,0
"56_2B_07","56_2B","56",837,103.5,0,0,NA,213.37,259.78,0,0
"56_2B_07","56_2B","56",838,103.625,0,0,NA,213.37,259.78,0,0
"56_2B_07","56_2B","56",839,103.75,0,0,NA,213.37,259.78,0,0
"56_2B_07","56_2B","56",840,103.875,0,0,NA,213.37,259.78,0,0
"56_2B_07","56_2B","56",841,104,0,0,NA,213.37,259.78,0,0
"56_2B_07","56_2B","56",842,104.125,0,0,NA,213.37,259.78,0,0
"56_2B_07","56_2B","56",843,104.25,0,0,NA,213.37,259.78,0,0
"56_2B_07","56_2B","56",844,104.375,0,0,NA,213.37,259.78,0,0
"56_2B_07","56_2B","56",845,104.5,0,0,NA,213.37,259.78,0,0
"56_2B_07","56_2B","56",846,104.625,0,0,NA,213.37,259.78,0,0
"56_2B_07","56_2B","56",847,104.75,0,0,NA,213.37,259.78,0,0
"56_2B_07","56_2B","56",848,104.875,0,0,NA,213.37,259.78,0,0
"56_2B_07","56_2B","56",849,105,0,0,NA,213.37,259.78,0,0
"56_2B_07","56_2B","56",850,105.125,0,0,NA,213.37,259.78,0,0
"56_2B_07","56_2B","56",851,105.25,0,0,NA,213.37,259.78,0,0
"56_2B_07","56_2B","56",852,105.375,0,0,NA,213.37,259.78,0,0
"56_2B_07","56_2B","56",853,105.5,0,0,NA,213.37,259.78,0,0
"56_2B_07","56_2B","56",854,105.625,0,0,NA,213.37,259.78,0,0
"56_2B_07","56_2B","56",855,105.75,0,0,NA,213.37,259.78,0,0
"56_2B_07","56_2B","56",856,105.875,0,0,NA,213.37,259.78,0,0
"56_2B_07","56_2B","56",857,106,0,0,NA,213.37,259.78,0,0
"56_2B_07","56_2B","56",858,106.125,0,0,NA,213.37,259.78,0,0
"56_2B_07","56_2B","56",859,106.25,0,0,NA,213.37,259.78,0,0
"56_2B_07","56_2B","56",860,106.375,0,0,NA,213.37,259.78,0,0
"56_2B_07","56_2B","56",861,106.5,0,0,NA,213.37,259.78,0,0
"56_2B_07","56_2B","56",862,106.625,0,0,NA,213.37,259.78,0,0
"56_2B_07","56_2B","56",863,106.75,0,0,NA,213.37,259.78,0,0
"56_2B_07","56_2B","56",864,106.875,0,0,NA,213.37,259.78,0,0
"56_2B_07","56_2B","56",865,107,0,0,NA,213.37,259.78,0,0
"56_2B_07","56_2B","56",866,107.125,0,0,NA,213.37,259.78,0,0
"56_2B_07","56_2B","56",867,107.25,0,0,NA,213.37,259.78,0,0
"56_2B_07","56_2B","56",868,107.375,0,0,NA,213.37,259.78,0,0
"56_2B_07","56_2B","56",869,107.5,0,0,NA,213.37,259.78,0,0
"56_2B_07","56_2B","56",870,107.625,0,0,NA,213.37,259.78,0,0
"56_2B_07","56_2B","56",871,107.75,0,0,NA,213.37,259.78,0,0
"56_2B_07","56_2B","56",872,107.875,0,0,NA,213.37,259.78,0,0
"56_2B_07","56_2B","56",873,108,0,0,NA,213.37,259.78,0,0
"56_2B_07","56_2B","56",874,108.125,0,0,NA,213.37,259.78,0,0
"56_2B_07","56_2B","56",875,108.25,0,0,NA,213.37,259.78,0,0
"56_2B_07","56_2B","56",876,108.375,0,0,NA,213.37,259.78,0,0
"56_2B_07","56_2B","56",877,108.5,0,0,NA,213.37,259.78,0,0
"56_2B_07","56_2B","56",878,108.625,0,0,NA,213.37,259.78,0,0
"56_2B_07","56_2B","56",879,108.75,0,0,NA,213.37,259.78,0,0
"56_2B_07","56_2B","56",880,108.875,0,0,NA,213.37,259.78,0,0
"56_2B_07","56_2B","56",881,109,0,0,NA,213.37,259.78,0,0
"56_2B_07","56_2B","56",882,109.125,0,0,NA,213.37,259.78,0,0
"56_2B_07","56_2B","56",883,109.25,0,0,NA,213.37,259.78,0,0
"56_2B_07","56_2B","56",884,109.375,0,0,NA,213.37,259.78,0,0
"56_2B_07","56_2B","56",885,109.5,0,0,NA,213.37,259.78,0,0
"56_2B_07","56_2B","56",886,109.625,0,0,NA,213.37,259.78,0,0
"56_2B_07","56_2B","56",887,109.75,0,0,NA,213.37,259.78,0,0
"56_2B_07","56_2B","56",888,109.875,0,0,NA,213.37,259.78,0,0
"56_2B_07","56_2B","56",889,110,0,0,NA,213.37,259.78,0,0
"56_2B_07","56_2B","56",890,110.125,0,0,NA,213.37,259.78,0,0
"56_2B_07","56_2B","56",891,110.25,0,0,NA,213.37,259.78,0,0
"56_2B_07","56_2B","56",892,110.375,0,0,NA,213.37,259.78,0,0
"56_2B_07","56_2B","56",893,110.5,0,0,NA,213.37,259.78,0,0
"56_2B_07","56_2B","56",894,110.625,0,0,NA,213.37,259.78,0,0
"56_2B_07","56_2B","56",895,110.75,0,0,NA,213.37,259.78,0,0
"56_2B_07","56_2B","56",896,110.875,0,0,NA,213.37,259.78,0,0
"56_2B_07","56_2B","56",897,111,0,0,NA,213.37,259.78,0,0
"56_2B_07","56_2B","56",898,111.125,0,0,NA,213.37,259.78,0,0
"56_2B_07","56_2B","56",899,111.25,0,0,NA,213.37,259.78,0,0
"56_2B_07","56_2B","56",900,111.375,0,0,NA,213.37,259.78,0,0
"56_2B_07","56_2B","56",901,111.5,0,0,NA,213.37,259.78,0,0
"56_2B_07","56_2B","56",902,111.625,0,0,NA,213.37,259.78,0,0
"56_2B_07","56_2B","56",903,111.75,0,0,NA,213.37,259.78,0,0
"56_2B_07","56_2B","56",904,111.875,0,0,NA,213.37,259.78,0,0
"56_2B_07","56_2B","56",905,112,0,0,NA,213.37,259.78,0,0
"56_2B_07","56_2B","56",906,112.125,0,0,NA,213.37,259.78,0,0
"56_2B_07","56_2B","56",907,112.25,0,0,NA,213.37,259.78,0,0
"56_2B_07","56_2B","56",908,112.375,0,0,NA,213.37,259.78,0,0
"56_2B_07","56_2B","56",909,112.5,0,0,NA,213.37,259.78,0,0
"56_2B_07","56_2B","56",910,112.625,0,0,NA,213.37,259.78,0,0
"56_2B_07","56_2B","56",911,112.75,0,0,NA,213.37,259.78,0,0
"56_2B_07","56_2B","56",912,112.875,0,0,NA,213.37,259.78,0,0
"56_2B_07","56_2B","56",913,113,0,0,NA,213.37,259.78,0,0
"56_2B_07","56_2B","56",914,113.125,0,0,NA,213.37,259.78,0,0
"56_2B_07","56_2B","56",915,113.25,0,0,NA,213.37,259.78,0,0
"56_2B_07","56_2B","56",916,113.375,0,0,NA,213.37,259.78,0,0
"56_2B_07","56_2B","56",917,113.5,0,0,NA,213.37,259.78,0,0
"56_2B_07","56_2B","56",918,113.625,0,0,NA,213.37,259.78,0,0
"56_2B_07","56_2B","56",919,113.75,0,0,NA,213.37,259.78,0,0
"56_2B_07","56_2B","56",920,113.875,0,0,NA,213.37,259.78,0,0
"56_2B_07","56_2B","56",921,114,0,0,NA,213.37,259.78,0,0
"56_2B_07","56_2B","56",922,114.125,0,0,NA,213.37,259.78,0,0
"56_2B_07","56_2B","56",923,114.25,0,0,NA,213.37,259.78,0,0
"56_2B_07","56_2B","56",924,114.375,0,0,NA,213.37,259.78,0,0
"56_2B_07","56_2B","56",925,114.5,0,0,NA,213.37,259.78,0,0
"56_2B_07","56_2B","56",926,114.625,0,0,NA,213.37,259.78,0,0
"56_2B_07","56_2B","56",927,114.75,0,0,NA,213.37,259.78,0,0
"56_2B_07","56_2B","56",928,114.875,0,0,NA,213.37,259.78,0,0
"56_2B_07","56_2B","56",929,115,0,0,NA,213.37,259.78,0,0
"56_2B_07","56_2B","56",930,115.125,0,0,NA,213.37,259.78,0,0
"56_2B_07","56_2B","56",931,115.25,0,0,NA,213.37,259.78,0,0
"56_2B_07","56_2B","56",932,115.375,0,0,NA,213.37,259.78,0,0
"56_2B_07","56_2B","56",933,115.5,0,0,NA,213.37,259.78,0,0
"56_2B_07","56_2B","56",934,115.625,0,0,NA,213.37,259.78,0,0
"56_2B_07","56_2B","56",935,115.75,0,0,NA,213.37,259.78,0,0
"56_2B_07","56_2B","56",936,115.875,0,0,NA,213.37,259.78,0,0
"56_2B_07","56_2B","56",937,116,0,0,NA,213.37,259.78,0,0
"56_2B_07","56_2B","56",938,116.125,0,0,NA,213.37,259.78,0,0
"56_2B_07","56_2B","56",939,116.25,0,0,NA,213.37,259.78,0,0
"56_2B_07","56_2B","56",940,116.375,0,0,NA,213.37,259.78,0,0
"56_2B_07","56_2B","56",941,116.5,0,0,NA,213.37,259.78,0,0
"56_2B_07","56_2B","56",942,116.625,0,0,NA,213.37,259.78,0,0
"56_2B_07","56_2B","56",943,116.75,0,0,NA,213.37,259.78,0,0
"56_2B_07","56_2B","56",944,116.875,0,0,NA,213.37,259.78,0,0
"56_2B_07","56_2B","56",945,117,0,0,NA,213.37,259.78,0,0
"56_2B_07","56_2B","56",946,117.125,0,0,NA,213.37,259.78,0,0
"56_2B_07","56_2B","56",947,117.25,0,0,NA,213.37,259.78,0,0
"56_2B_07","56_2B","56",948,117.375,0,0,NA,213.37,259.78,0,0
"56_2B_07","56_2B","56",949,117.5,0,0,NA,213.37,259.78,0,0
"56_2B_07","56_2B","56",950,117.625,0,0,NA,213.37,259.78,0,0
"56_2B_07","56_2B","56",951,117.75,0,0,NA,213.37,259.78,0,0
"56_2B_07","56_2B","56",952,117.875,0,0,NA,213.37,259.78,0,0
"56_2B_07","56_2B","56",953,118,0,0,NA,213.37,259.78,0,0
"56_2B_07","56_2B","56",954,118.125,0,0,NA,213.37,259.78,0,0
"56_2B_07","56_2B","56",955,118.25,0,0,NA,213.37,259.78,0,0
"56_2B_07","56_2B","56",956,118.375,0,0,NA,213.37,259.78,0,0
"56_2B_07","56_2B","56",957,118.5,0,0,NA,213.37,259.78,0,0
"56_2B_07","56_2B","56",958,118.625,0,0,NA,213.37,259.78,0,0
"56_2B_07","56_2B","56",959,118.75,0,0,NA,213.37,259.78,0,0
"56_2B_07","56_2B","56",960,118.875,0,0,NA,213.37,259.78,0,0
"56_2B_07","56_2B","56",961,119,0,0,NA,213.37,259.78,0,0
"56_2B_07","56_2B","56",962,119.125,0,0,NA,213.37,259.78,0,0
"56_2B_07","56_2B","56",963,119.25,0,0,NA,213.37,259.78,0,0
"56_2B_07","56_2B","56",964,119.375,0,0,NA,213.37,259.78,0,0
"56_2B_07","56_2B","56",965,119.5,0,0,NA,213.37,259.78,0,0
"56_2B_07","56_2B","56",966,119.625,0,0,NA,213.37,259.78,0,0
"56_2B_07","56_2B","56",967,119.75,0,0,NA,213.37,259.78,0,0
"56_2B_07","56_2B","56",968,119.875,0,0,NA,213.37,259.78,0,0
"56_2B_07","56_2B","56",969,120,0,0,NA,213.37,259.78,0,0
"56_2B_07","56_2B","56",970,120.125,0,0,NA,213.37,259.78,0,0
"56_2B_07","56_2B","56",971,120.25,0,0,NA,213.37,259.78,0,0
"56_2B_07","56_2B","56",972,120.375,0,0,NA,213.37,259.78,0,0
"56_2B_07","56_2B","56",973,120.5,0,0,NA,213.37,259.78,0,0
"56_2B_07","56_2B","56",974,120.625,0,0,NA,213.37,259.78,0,0
"56_2B_07","56_2B","56",975,120.75,0,0,NA,213.37,259.78,0,0
"56_2B_07","56_2B","56",976,120.875,0,0,NA,213.37,259.78,0,0
"56_2B_07","56_2B","56",977,121,0,0,NA,213.37,259.78,0,0
"56_2B_07","56_2B","56",978,121.125,0,0,NA,213.37,259.78,0,0
"56_2B_07","56_2B","56",979,121.25,0,0,NA,213.37,259.78,0,0
"56_2B_07","56_2B","56",980,121.375,0,0,NA,213.37,259.78,0,0
"56_2B_07","56_2B","56",981,121.5,0,0,NA,213.37,259.78,0,0
"56_2B_07","56_2B","56",982,121.625,0,0,NA,213.37,259.78,0,0
"56_2B_07","56_2B","56",983,121.75,0,0,NA,213.37,259.78,0,0
"56_2B_07","56_2B","56",984,121.875,0,0,NA,213.37,259.78,0,0
"56_2B_07","56_2B","56",985,122,0,0,NA,213.37,259.78,0,0
"56_2B_07","56_2B","56",986,122.125,0,0,NA,213.37,259.78,0,0
"56_2B_07","56_2B","56",987,122.25,0,0,NA,213.37,259.78,0,0
"56_2B_07","56_2B","56",988,122.375,0,0,NA,213.37,259.78,0,0
"56_2B_07","56_2B","56",989,122.5,0,0,NA,213.37,259.78,0,0
"56_2B_07","56_2B","56",990,122.625,0,0,NA,213.37,259.78,0,0
"56_2B_07","56_2B","56",991,122.75,0,0,NA,213.37,259.78,0,0
"56_2B_07","56_2B","56",992,122.875,0,0,NA,213.37,259.78,0,0
"56_2B_07","56_2B","56",993,123,0,0,NA,213.37,259.78,0,0
"56_2B_07","56_2B","56",994,123.125,0,0,NA,213.37,259.78,0,0
"56_2B_07","56_2B","56",995,123.25,0,0,NA,213.37,259.78,0,0
"56_2B_07","56_2B","56",996,123.375,0,0,NA,213.37,259.78,0,0
"56_2B_07","56_2B","56",997,123.5,0,0,NA,213.37,259.78,0,0
"56_2B_07","56_2B","56",998,123.625,0,0,NA,213.37,259.78,0,0
"56_2B_07","56_2B","56",999,123.75,0,0,NA,213.37,259.78,0,0
"56_2B_07","56_2B","56",1000,123.875,0,0,NA,213.37,259.78,0,0
"56_2B_07","56_2B","56",1001,124,0,0,NA,213.37,259.78,0,0
"56_2B_07","56_2B","56",1002,124.125,0,0,NA,213.37,259.78,0,0
"56_2B_07","56_2B","56",1003,124.25,0,0,NA,213.37,259.78,0,0
"56_2B_07","56_2B","56",1004,124.375,0,0,NA,213.37,259.78,0,0
"56_2B_07","56_2B","56",1005,124.5,0,0,NA,213.37,259.78,0,0
"56_2B_07","56_2B","56",1006,124.625,0,0,NA,213.37,259.78,0,0
"56_2B_07","56_2B","56",1007,124.75,0,0,NA,213.37,259.78,0,0
"56_2B_07","56_2B","56",1008,124.875,0,0,NA,213.37,259.78,0,0
"56_2B_07","56_2B","56",1009,125,0,0,NA,213.37,259.78,0,0
"56_2B_07","56_2B","56",1010,125.125,0,0,NA,213.37,259.78,0,0
"56_2B_07","56_2B","56",1011,125.25,0,0,NA,213.37,259.78,0,0
"56_2B_07","56_2B","56",1012,125.375,0,0,NA,213.37,259.78,0,0
"56_2B_07","56_2B","56",1013,125.5,0,0,NA,213.37,259.78,0,0
"56_2B_07","56_2B","56",1014,125.625,0,0,NA,213.37,259.78,0,0
"56_2B_07","56_2B","56",1015,125.75,0,0,NA,213.37,259.78,0,0
"56_2B_07","56_2B","56",1016,125.875,0,0,NA,213.37,259.78,0,0
"56_2B_07","56_2B","56",1017,126,0,0,NA,213.37,259.78,0,0
"56_2B_07","56_2B","56",1018,126.125,0,0,NA,213.37,259.78,0,0
"56_2B_07","56_2B","56",1019,126.25,0,0,NA,213.37,259.78,0,0
"56_2B_07","56_2B","56",1020,126.375,0,0,NA,213.37,259.78,0,0
"56_2B_07","56_2B","56",1021,126.5,0,0,NA,213.37,259.78,0,0
"56_2B_07","56_2B","56",1022,126.625,0,0,NA,213.37,259.78,0,0
"56_2B_07","56_2B","56",1023,126.75,0,0,NA,213.37,259.78,0,0
"56_2B_07","56_2B","56",1024,126.875,0,0,NA,213.37,259.78,0,0
"56_2B_07","56_2B","56",1025,127,0,0,NA,213.37,259.78,0,0
"56_2B_07","56_2B","56",1026,127.125,0,0,NA,213.37,259.78,0,0
"56_2B_07","56_2B","56",1027,127.25,0,0,NA,213.37,259.78,0,0
"56_2B_07","56_2B","56",1028,127.375,0,0,NA,213.37,259.78,0,NA
