"fname","cop_name","plate","frame","sec","drop","blobs","blob_size","x","y","distance","dot_product"
"68_5D_19","68_5D","68",0,-1.25,0,0,NA,602.5,449.5,NA,NA
"68_5D_19","68_5D","68",1,-1.125,0,0,NA,602.5,449.5,0,0
"68_5D_19","68_5D","68",2,-1,0,0,NA,602.5,449.5,0,0
"68_5D_19","68_5D","68",3,-0.875,0,0,NA,602.5,449.5,0,0
"68_5D_19","68_5D","68",4,-0.75,0,0,NA,602.5,449.5,0,0
"68_5D_19","68_5D","68",5,-0.625,0,0,NA,602.5,449.5,0,0
"68_5D_19","68_5D","68",6,-0.5,0,0,NA,602.5,449.5,0,0
"68_5D_19","68_5D","68",7,-0.375,0,0,NA,602.5,449.5,0,0
"68_5D_19","68_5D","68",8,-0.25,0,0,NA,602.5,449.5,0,0
"68_5D_19","68_5D","68",9,-0.125,0,0,NA,602.5,449.5,0,0
"68_5D_19","68_5D","68",10,0,0,0,NA,602.5,449.5,0,0
"68_5D_19","68_5D","68",11,0.125,0,0,NA,602.5,449.5,0,0
"68_5D_19","68_5D","68",12,0.25,0,0,NA,602.5,449.5,0,0
"68_5D_19","68_5D","68",13,0.375,0,0,NA,602.5,449.5,0,0
"68_5D_19","68_5D","68",14,0.5,0,1,3.16227769851685,602.5,449.5,0,0
"68_5D_19","68_5D","68",15,0.625,0,1,3.60555124282837,600,446.5,3.90512483795333,0
"68_5D_19","68_5D","68",16,0.75,0,0,NA,600,446.5,0,0
"68_5D_19","68_5D","68",17,0.875,0,1,4.3159761428833,594.31,441.86,7.34205012241135,0
"68_5D_19","68_5D","68",18,1,0,0,NA,594.31,441.86,0,0
"68_5D_19","68_5D","68",19,1.125,0,0,NA,594.31,441.86,0,0
"68_5D_19","68_5D","68",20,1.25,0,0,NA,594.31,441.86,0,0
"68_5D_19","68_5D","68",21,1.375,0,1,3.61316752433777,588.22,439.63,6.48544524300368,0
"68_5D_19","68_5D","68",22,1.5,0,0,NA,588.22,439.63,0,0
"68_5D_19","68_5D","68",23,1.625,0,0,NA,588.22,439.63,0,0
"68_5D_19","68_5D","68",24,1.75,0,0,NA,588.22,439.63,0,0
"68_5D_19","68_5D","68",25,1.875,0,1,3.61316752433777,586.22,439.37,2.01682919455268,0
"68_5D_19","68_5D","68",26,2,0,0,NA,586.22,439.37,0,0
"68_5D_19","68_5D","68",27,2.125,0,0,NA,586.22,439.37,0,0
"68_5D_19","68_5D","68",28,2.25,0,1,3.16227769851685,586.5,439.5,0.308706980808636,0
"68_5D_19","68_5D","68",29,2.375,0,1,3.16227769851685,586.5,439.5,0,0
"68_5D_19","68_5D","68",30,2.5,0,1,3.61316752433777,586.22,439.37,0.308706980808636,0
"68_5D_19","68_5D","68",31,2.625,0,0,NA,586.22,439.37,0,0
"68_5D_19","68_5D","68",32,2.75,0,0,NA,586.22,439.37,0,0
"68_5D_19","68_5D","68",33,2.875,0,1,4.30334234237671,581.85,437.15,4.90156097585251,8.45250000000009
"68_5D_19","68_5D","68",34,3,0,1,3.60555124282837,580.5,436,1.77341478509682,0
"68_5D_19","68_5D","68",35,3.125,0,0,NA,580.5,436,0,0
"68_5D_19","68_5D","68",36,3.25,0,1,4.24264049530029,569.5,435.5,11.0113577727726,52.28
"68_5D_19","68_5D","68",37,3.375,0,1,4.00222158432007,564.75,435.44,4.75037893225372,0
"68_5D_19","68_5D","68",38,3.5,0,0,NA,564.75,435.44,0,0
"68_5D_19","68_5D","68",39,3.625,0,0,NA,564.75,435.44,0,0
"68_5D_19","68_5D","68",40,3.75,0,0,NA,564.75,435.44,0,0
"68_5D_19","68_5D","68",41,3.875,0,0,NA,564.75,435.44,0,0
"68_5D_19","68_5D","68",42,4,0,0,NA,564.75,435.44,0,0
"68_5D_19","68_5D","68",43,4.125,0,0,NA,564.75,435.44,0,0
"68_5D_19","68_5D","68",44,4.25,0,0,NA,564.75,435.44,0,0
"68_5D_19","68_5D","68",45,4.375,0,0,NA,564.75,435.44,0,0
"68_5D_19","68_5D","68",46,4.5,0,1,3.30277562141418,547,442.5,19.1025155411532,0
"68_5D_19","68_5D","68",47,4.625,0,0,NA,547,442.5,0,0
"68_5D_19","68_5D","68",48,4.75,0,0,NA,547,442.5,0,0
"68_5D_19","68_5D","68",49,4.875,0,0,NA,547,442.5,0,0
"68_5D_19","68_5D","68",50,5,0,0,NA,547,442.5,0,0
"68_5D_19","68_5D","68",51,5.125,0,0,NA,547,442.5,0,0
"68_5D_19","68_5D","68",52,5.25,0,0,NA,547,442.5,0,0
"68_5D_19","68_5D","68",53,5.375,0,0,NA,547,442.5,0,0
"68_5D_19","68_5D","68",54,5.5,0,0,NA,547,442.5,0,0
"68_5D_19","68_5D","68",55,5.625,0,0,NA,547,442.5,0,0
"68_5D_19","68_5D","68",56,5.75,0,0,NA,547,442.5,0,0
"68_5D_19","68_5D","68",57,5.875,0,0,NA,547,442.5,0,0
"68_5D_19","68_5D","68",58,6,0,0,NA,547,442.5,0,0
"68_5D_19","68_5D","68",59,6.125,0,0,NA,547,442.5,0,0
"68_5D_19","68_5D","68",60,6.25,0,0,NA,547,442.5,0,0
"68_5D_19","68_5D","68",61,6.375,0,0,NA,547,442.5,0,0
"68_5D_19","68_5D","68",62,6.5,0,0,NA,547,442.5,0,0
"68_5D_19","68_5D","68",63,6.625,0,1,3.72725701332092,541.85,449.37,8.58600023293733,17.8427
"68_5D_19","68_5D","68",64,6.75,0,1,3.9712381362915,541,451.33,2.1363754351705,0
"68_5D_19","68_5D","68",65,6.875,0,0,NA,541,451.33,0,0
"68_5D_19","68_5D","68",66,7,0,1,4.27798509597778,537.75,453.73,4.04011138460317,1.46049999999997
"68_5D_19","68_5D","68",67,7.125,0,1,4.12310552597046,537.5,454,0.367967389859469,0
"68_5D_19","68_5D","68",68,7.25,0,1,4.12310552597046,537.5,454,0,0
"68_5D_19","68_5D","68",69,7.375,0,1,4.12310552597046,537.5,454,0,0
"68_5D_19","68_5D","68",70,7.5,0,1,4.12310552597046,537.5,454,0,0
"68_5D_19","68_5D","68",71,7.625,0,1,4.12310552597046,537.5,454,0,0
"68_5D_19","68_5D","68",72,7.75,0,1,3.9712381362915,537.33,454,0.169999999999959,0.0289000000000054
"68_5D_19","68_5D","68",73,7.875,0,1,4.34192895889282,537.16,454,0.170000000000073,-0.0289000000000247
"68_5D_19","68_5D","68",74,8,0,1,3.9712381362915,537.33,454,0.170000000000073,-0.00340000000001769
"68_5D_19","68_5D","68",75,8.125,0,1,4.3159761428833,537.31,454.14,0.14142135623731,-0.0234000000000154
"68_5D_19","68_5D","68",76,8.25,0,1,4.12310552597046,537.5,454,0.236008474424155,0
"68_5D_19","68_5D","68",77,8.375,0,1,4.12310552597046,537.5,454,0,0
"68_5D_19","68_5D","68",78,8.5,0,1,4.12310552597046,537.5,454,0,0
"68_5D_19","68_5D","68",79,8.625,0,1,4.12310552597046,537.5,454,0,0
"68_5D_19","68_5D","68",80,8.75,0,1,5.5619044303894,540.94,453.93,3.44071213559059,13.0677000000001
"68_5D_19","68_5D","68",81,8.875,0,1,5.5812668800354,544.73,453.5,3.8143151416735,2.08609999999988
"68_5D_19","68_5D","68",82,9,0,1,5.5992693901062,545.26,453.32,0.559732078766238,0
"68_5D_19","68_5D","68",83,9.125,0,0,NA,545.26,453.32,0,0
"68_5D_19","68_5D","68",84,9.25,0,0,NA,545.26,453.32,0,0
"68_5D_19","68_5D","68",85,9.375,0,1,5.10167217254639,544.88,449.67,3.66972751032006,0
"68_5D_19","68_5D","68",86,9.5,0,0,NA,544.88,449.67,0,0
"68_5D_19","68_5D","68",87,9.625,0,0,NA,544.88,449.67,0,0
"68_5D_19","68_5D","68",88,9.75,0,1,4.48923778533936,545.15,449.85,0.324499614791748,0.058500000000005
"68_5D_19","68_5D","68",89,9.875,0,1,4.69213390350342,545.34,449.89,0.194164878389522,0
"68_5D_19","68_5D","68",90,10,0,0,NA,545.34,449.89,0,0
"68_5D_19","68_5D","68",91,10.125,0,1,4.60145568847656,545,449.86,0.34132096331755,0.0512999999999965
"68_5D_19","68_5D","68",92,10.25,0,1,4.48923778533936,544.85,449.85,0.150332963783706,0.0152000000000013
"68_5D_19","68_5D","68",93,10.375,0,1,4.86371183395386,544.76,449.68,0.192353840616742,-0.0616000000000102
"68_5D_19","68_5D","68",94,10.5,0,1,4.34192895889282,544.84,450,0.329848450049416,-0.104799999999991
"68_5D_19","68_5D","68",95,10.625,0,1,4.69213390350342,544.89,449.66,0.34365680554876,-0.184099999999973
"68_5D_19","68_5D","68",96,10.75,0,1,4.46820449829102,544.88,450.2,0.540092584655595,-0.107599999999987
"68_5D_19","68_5D","68",97,10.875,0,1,4.34192895889282,544.84,450,0.203960780543693,0
"68_5D_19","68_5D","68",98,11,0,1,4.34192895889282,544.84,450,0,0
"68_5D_19","68_5D","68",99,11.125,0,1,4.4721360206604,545,450,0.159999999999968,-0.0367999999999956
"68_5D_19","68_5D","68",100,11.25,0,1,5.00174474716187,544.77,450.18,0.292061637330223,0.0452999999999983
"68_5D_19","68_5D","68",101,11.375,0,1,4.78565502166748,544.62,450.24,0.161554944214015,-0.0713999999999918
"68_5D_19","68_5D","68",102,11.5,0,1,4.4721360206604,545,450,0.449444101084886,-0.0209999999999948
"68_5D_19","68_5D","68",103,11.625,0,1,4.48923778533936,544.85,449.85,0.212132034355932,0.0225000000000017
"68_5D_19","68_5D","68",104,11.75,0,1,4.3159761428833,544.86,449.69,0.160312195418838,-0.0257000000000078
"68_5D_19","68_5D","68",105,11.875,0,1,4.48923778533936,544.85,449.85,0.160312195418838,0
"68_5D_19","68_5D","68",106,12,0,1,4.48923778533936,544.85,449.85,0,0
"68_5D_19","68_5D","68",107,12.125,0,1,4.48923778533936,544.85,449.85,0,0
"68_5D_19","68_5D","68",108,12.25,0,1,4.48923778533936,544.85,449.85,0,0
"68_5D_19","68_5D","68",109,12.375,0,1,4.86371183395386,544.76,449.68,0.192353840616742,-0.0488000000000056
"68_5D_19","68_5D","68",110,12.5,0,1,4.34192895889282,545,449.84,0.288444102037109,-0.0127999999999949
"68_5D_19","68_5D","68",111,12.625,0,1,4.34192895889282,544.84,450,0.22627416997969,-0.0255999999999983
"68_5D_19","68_5D","68",112,12.75,0,1,4.30334234237671,544.85,449.85,0.150332963783706,-0.022599999999993
"68_5D_19","68_5D","68",113,12.875,0,1,4.34192895889282,544.84,450,0.150332963783706,-0.0194999999999964
"68_5D_19","68_5D","68",114,13,0,1,4.3159761428833,544.69,449.86,0.205182845286806,0.0272000000000131
"68_5D_19","68_5D","68",115,13.125,0,1,4.53098201751709,544.77,449.58,0.291204395571229,-0.033600000000023
"68_5D_19","68_5D","68",116,13.25,0,1,4.47488498687744,544.91,449.74,0.212602916254703,-0.0704000000000027
"68_5D_19","68_5D","68",117,13.375,0,1,4.00222158432007,544.75,449.44,0.339999999999995,-0.0069999999999867
"68_5D_19","68_5D","68",118,13.5,0,1,3.9712381362915,545,449.33,0.273130005674959,-0.0187000000000041
"68_5D_19","68_5D","68",119,13.625,0,1,3.60555124282837,545,449.5,0.170000000000016,0
"68_5D_19","68_5D","68",120,13.75,0,0,NA,545,449.5,0,0
"68_5D_19","68_5D","68",121,13.875,0,0,NA,545,449.5,0,0
"68_5D_19","68_5D","68",122,14,0,1,5.11349201202393,545.12,459.53,10.0307178207743,3.41860000000032
"68_5D_19","68_5D","68",123,14.125,0,1,5.62114381790161,545.19,459.87,0.347131099154237,-0.188000000000143
"68_5D_19","68_5D","68",124,14.25,0,1,5.10765075683594,542.31,459.91,2.88027776438326,0
"68_5D_19","68_5D","68",125,14.375,0,0,NA,542.31,459.91,0,0
"68_5D_19","68_5D","68",126,14.5,0,1,5.10765075683594,538.69,458.09,4.05176504748232,0.851600000000136
"68_5D_19","68_5D","68",127,14.625,0,1,5,538.5,458,0.210237960416325,0.0565000000000291
"68_5D_19","68_5D","68",128,14.75,0,1,5.30143642425537,538.16,458.09,0.351710107901404,0
"68_5D_19","68_5D","68",129,14.875,0,1,5.67867755889893,538.16,458.09,0,0
"68_5D_19","68_5D","68",130,15,0,0,NA,538.16,458.09,0,0
"68_5D_19","68_5D","68",131,15.125,0,1,5.38516473770142,536,467.5,9.65472423220883,-10.9734000000002
"68_5D_19","68_5D","68",132,15.25,0,1,5.22496700286865,533.5,465.76,3.04591529757478,6.49300000000002
"68_5D_19","68_5D","68",133,15.375,0,1,5.08066940307617,532.26,463.81,2.31086563867309,0
"68_5D_19","68_5D","68",134,15.5,0,0,NA,532.26,463.81,0,0
"68_5D_19","68_5D","68",135,15.625,0,1,4.57499694824219,529.91,460.6,3.97826595390504,3.24059999999997
"68_5D_19","68_5D","68",136,15.75,0,1,4.3159761428833,531.14,458.69,2.27178344038338,5.4475000000001
"68_5D_19","68_5D","68",137,15.875,0,1,3.50364899635315,532.37,456.63,2.39927072253217,0.991600000000085
"68_5D_19","68_5D","68",138,16,0,1,3.79621624946594,532.59,456.28,0.413400532171922,1.18080000000009
"68_5D_19","68_5D","68",139,16.125,0,1,3.9712381362915,534.33,454,2.86810041665209,-1.35660000000006
"68_5D_19","68_5D","68",140,16.25,0,1,3.83653593063354,534.14,454.45,0.488466989672803,0.0491000000000096
"68_5D_19","68_5D","68",141,16.375,0,1,4.12310552597046,534,454.5,0.148660687473176,-0.0421000000000087
"68_5D_19","68_5D","68",142,16.5,0,1,3.63458633422852,534.19,454.19,0.363593179253987,-0.0494999999999947
"68_5D_19","68_5D","68",143,16.625,0,1,4.4320182800293,534.37,454.46,0.324499614791716,-0.161999999999982
"68_5D_19","68_5D","68",144,16.75,0,1,4.34192895889282,534.16,454,0.505667875190818,0.0335999999999991
"68_5D_19","68_5D","68",145,16.875,0,1,4,534,454,0.159999999999968,0
"68_5D_19","68_5D","68",146,17,0,1,4,534,454,0,0
"68_5D_19","68_5D","68",147,17.125,0,1,4.12310552597046,534,454.5,0.5,0
"68_5D_19","68_5D","68",148,17.25,0,0,NA,534,454.5,0,0
"68_5D_19","68_5D","68",149,17.375,0,0,NA,534,454.5,0,0
"68_5D_19","68_5D","68",150,17.5,0,1,4.4721360206604,534,454,0.5,0
"68_5D_19","68_5D","68",151,17.625,0,1,4.4721360206604,534,454,0,0
"68_5D_19","68_5D","68",152,17.75,0,1,4.4721360206604,534,454,0,0
"68_5D_19","68_5D","68",153,17.875,0,1,3.9712381362915,534,453.67,0.329999999999984,0.112200000000005
"68_5D_19","68_5D","68",154,18,0,1,3.9712381362915,535,453.33,1.05621967412088,1.53760000000001
"68_5D_19","68_5D","68",155,18.125,0,1,3.63458633422852,535.81,451.19,2.28816520382595,9.83079999999986
"68_5D_19","68_5D","68",156,18.25,0,1,3.72684335708618,538.33,447.55,4.42718872423577,12.9304000000001
"68_5D_19","68_5D","68",157,18.375,0,1,3.16227769851685,540.5,445.5,2.98519681093222,0
"68_5D_19","68_5D","68",158,18.5,0,0,NA,540.5,445.5,0,0
"68_5D_19","68_5D","68",159,18.625,0,1,3.60555124282837,549.5,440,10.5475115548645,58.75
"68_5D_19","68_5D","68",160,18.75,0,1,3.16227769851685,554.5,437.5,5.59016994374947,0
"68_5D_19","68_5D","68",161,18.875,0,0,NA,554.5,437.5,0,0
"68_5D_19","68_5D","68",162,19,0,0,NA,554.5,437.5,0,0
"68_5D_19","68_5D","68",163,19.125,0,1,3.79621624946594,567.28,435.41,12.9497683376962,0
"68_5D_19","68_5D","68",164,19.25,0,0,NA,567.28,435.41,0,0
"68_5D_19","68_5D","68",165,19.375,0,0,NA,567.28,435.41,0,0
"68_5D_19","68_5D","68",166,19.5,0,1,4.3159761428833,579.31,435.14,12.0330295437184,44.1585000000005
"68_5D_19","68_5D","68",167,19.625,0,1,3.41421365737915,583,436,3.78889165851973,21.5492000000005
"68_5D_19","68_5D","68",168,19.75,0,1,4.4320182800293,588.46,437.63,5.69811372297889,9.60960000000001
"68_5D_19","68_5D","68",169,19.875,0,1,3.61316752433777,590.22,437.63,1.75999999999999,0
"68_5D_19","68_5D","68",170,20,0,0,NA,590.22,437.63,0,0
"68_5D_19","68_5D","68",171,20.125,0,0,NA,590.22,437.63,0,0
"68_5D_19","68_5D","68",172,20.25,0,1,4.24264049530029,589.5,437.5,0.73164198895364,0
"68_5D_19","68_5D","68",173,20.375,0,0,NA,589.5,437.5,0,0
"68_5D_19","68_5D","68",174,20.5,0,0,NA,589.5,437.5,0,0
"68_5D_19","68_5D","68",175,20.625,0,1,3.16227769851685,574.5,435.5,15.1327459504216,0
"68_5D_19","68_5D","68",176,20.75,0,0,NA,574.5,435.5,0,0
"68_5D_19","68_5D","68",177,20.875,0,1,4.24264049530029,572.5,435.5,2,-0.0599999999999454
"68_5D_19","68_5D","68",178,21,0,1,4.85450744628906,572.53,435.38,0.123693168768528,0
"68_5D_19","68_5D","68",179,21.125,0,0,NA,572.53,435.38,0,0
"68_5D_19","68_5D","68",180,21.25,0,1,4.33298635482788,572.9,435.26,0.38897300677554,-0.0845999999999871
"68_5D_19","68_5D","68",181,21.375,0,1,3.79621624946594,572.72,435.41,0.234307490277183,0.026399999999998
"68_5D_19","68_5D","68",182,21.5,0,1,4.4320182800293,572.54,435.37,0.184390889145924,0
"68_5D_19","68_5D","68",183,21.625,0,0,NA,572.54,435.37,0,0
"68_5D_19","68_5D","68",184,21.75,0,1,3.94565057754517,572.16,435.29,0.388329756778944,-0.146000000000006
"68_5D_19","68_5D","68",185,21.875,0,1,4.24264049530029,572.5,435.5,0.399624824053778,0.242400000000025
"68_5D_19","68_5D","68",186,22,0,1,4.00222158432007,573.25,435.44,0.752396172239067,-0.679799999999968
"68_5D_19","68_5D","68",187,22.125,0,1,4.18675136566162,572.33,435.27,0.935574689696087,0.264500000000017
"68_5D_19","68_5D","68",188,22.25,0,1,3.60555124282837,572,435.5,0.402243707222419,-0.16500000000002
"68_5D_19","68_5D","68",189,22.375,0,1,4.24264049530029,572.5,435.5,0.5,0
"68_5D_19","68_5D","68",190,22.5,0,1,4.24264049530029,572.5,435.5,0,0
"68_5D_19","68_5D","68",191,22.625,0,1,4.32650709152222,572.07,435.24,0.502493781055997,0.571099999999953
"68_5D_19","68_5D","68",192,22.75,0,1,4.43828248977661,570.5,435.64,1.6201543136381,0
"68_5D_19","68_5D","68",193,22.875,0,1,4.24264049530029,570.5,435.64,0,0
"68_5D_19","68_5D","68",194,23,0,0,NA,570.5,435.64,0,0
"68_5D_19","68_5D","68",195,23.125,0,0,NA,570.5,435.64,0,0
"68_5D_19","68_5D","68",196,23.25,0,1,5.11532592773438,571.95,434.3,1.97436065600996,0
"68_5D_19","68_5D","68",197,23.375,0,0,NA,571.95,434.3,0,0
"68_5D_19","68_5D","68",198,23.5,0,0,NA,571.95,434.3,0,0
"68_5D_19","68_5D","68",199,23.625,0,0,NA,571.95,434.3,0,0
"68_5D_19","68_5D","68",200,23.75,0,0,NA,571.95,434.3,0,0
"68_5D_19","68_5D","68",201,23.875,0,1,3.10949110984802,594.81,442,24.1219733852767,0
"68_5D_19","68_5D","68",202,24,0,0,NA,594.81,442,0,0
"68_5D_19","68_5D","68",203,24.125,0,0,NA,594.81,442,0,0
"68_5D_19","68_5D","68",204,24.25,0,0,NA,594.81,442,0,0
"68_5D_19","68_5D","68",205,24.375,0,0,NA,594.81,442,0,0
"68_5D_19","68_5D","68",206,24.5,0,0,NA,594.81,442,0,0
"68_5D_19","68_5D","68",207,24.625,0,1,3.61316752433777,596.37,442.22,1.5754364474647,0
"68_5D_19","68_5D","68",208,24.75,0,0,NA,596.37,442.22,0,0
"68_5D_19","68_5D","68",209,24.875,0,0,NA,596.37,442.22,0,0
"68_5D_19","68_5D","68",210,25,0,0,NA,596.37,442.22,0,0
"68_5D_19","68_5D","68",211,25.125,0,0,NA,596.37,442.22,0,0
"68_5D_19","68_5D","68",212,25.25,0,0,NA,596.37,442.22,0,0
"68_5D_19","68_5D","68",213,25.375,0,0,NA,596.37,442.22,0,0
"68_5D_19","68_5D","68",214,25.5,0,1,3.79621624946594,595.72,442.41,0.677200118133458,-0.332599999999992
"68_5D_19","68_5D","68",215,25.625,0,1,3.61316752433777,596.22,442.37,0.50159744815938,0
"68_5D_19","68_5D","68",216,25.75,0,0,NA,596.22,442.37,0,0
"68_5D_19","68_5D","68",217,25.875,0,1,3.61316752433777,595.78,442.37,0.440000000000055,0
"68_5D_19","68_5D","68",218,26,0,0,NA,595.78,442.37,0,0
"68_5D_19","68_5D","68",219,26.125,0,0,NA,595.78,442.37,0,0
"68_5D_19","68_5D","68",220,26.25,0,0,NA,595.78,442.37,0,0
"68_5D_19","68_5D","68",221,26.375,0,0,NA,595.78,442.37,0,0
"68_5D_19","68_5D","68",222,26.5,0,0,NA,595.78,442.37,0,0
"68_5D_19","68_5D","68",223,26.625,0,0,NA,595.78,442.37,0,0
"68_5D_19","68_5D","68",224,26.75,0,0,NA,595.78,442.37,0,0
"68_5D_19","68_5D","68",225,26.875,0,0,NA,595.78,442.37,0,0
"68_5D_19","68_5D","68",226,27,0,1,3.61316752433777,597.78,443.63,2.36381048309715,-1.11999999999989
"68_5D_19","68_5D","68",227,27.125,0,1,3.61316752433777,597.22,443.63,0.559999999999945,0
"68_5D_19","68_5D","68",228,27.25,0,0,NA,597.22,443.63,0,0
"68_5D_19","68_5D","68",229,27.375,0,1,4.56155300140381,590,438.5,8.85693513581309,44.8400000000001
"68_5D_19","68_5D","68",230,27.5,0,1,3.16227769851685,584.5,437.5,5.59016994374947,28.4900000000001
"68_5D_19","68_5D","68",231,27.625,0,1,4.49510526657104,579.64,435.74,5.16886834810097,0
"68_5D_19","68_5D","68",232,27.75,0,0,NA,579.64,435.74,0,0
"68_5D_19","68_5D","68",233,27.875,0,1,3.79621624946594,575.28,435.41,4.37247069744328,0.883799999999783
"68_5D_19","68_5D","68",234,28,0,1,4.29617643356323,575.1,435.11,0.349857113690702,-0.122399999999989
"68_5D_19","68_5D","68",235,28.125,0,1,3.79621624946594,575.28,435.41,0.349857113690702,0
"68_5D_19","68_5D","68",236,28.25,0,1,3.79621624946594,575.28,435.41,0,0
"68_5D_19","68_5D","68",237,28.375,0,0,NA,575.28,435.41,0,0
"68_5D_19","68_5D","68",238,28.5,0,0,NA,575.28,435.41,0,0
"68_5D_19","68_5D","68",239,28.625,0,1,3.10949110984802,574,435.81,1.34104436913918,-2.04399999999995
"68_5D_19","68_5D","68",240,28.75,0,1,3.16227769851685,575.5,435.5,1.53169840373358,-0.444900000000054
"68_5D_19","68_5D","68",241,28.875,0,1,3.94565057754517,575.16,435.29,0.399624824053778,-0.0536000000000224
"68_5D_19","68_5D","68",242,29,0,1,4.18675136566162,575.33,435.27,0.171172427686314,0.0201000000000044
"68_5D_19","68_5D","68",243,29.125,0,1,4.4320182800293,575.46,435.37,0.164012194668577,-0.0921999999999949
"68_5D_19","68_5D","68",244,29.25,0,1,3.79621624946594,574.72,435.41,0.741080292545966,-0.203599999999981
"68_5D_19","68_5D","68",245,29.375,0,1,3.60555124282837,575,435.5,0.294108823397021,0
"68_5D_19","68_5D","68",246,29.5,0,1,3.60555124282837,575,435.5,0,0
"68_5D_19","68_5D","68",247,29.625,0,1,4.60857009887695,568.5,434.76,6.54198746559484,41.7024
"68_5D_19","68_5D","68",248,29.75,0,1,3.60555124282837,562,435.5,6.54198746559484,0
"68_5D_19","68_5D","68",249,29.875,0,0,NA,562,435.5,0,0
"68_5D_19","68_5D","68",250,30,0,1,4.69213390350342,553.66,437.89,8.67569593750268,0
"68_5D_19","68_5D","68",251,30.125,0,0,NA,553.66,437.89,0,0
"68_5D_19","68_5D","68",252,30.25,0,0,NA,553.66,437.89,0,0
"68_5D_19","68_5D","68",253,30.375,0,1,3.72725701332092,544.63,443.15,10.4502870773965,0
"68_5D_19","68_5D","68",254,30.5,0,0,NA,544.63,443.15,0,0
"68_5D_19","68_5D","68",255,30.625,0,0,NA,544.63,443.15,0,0
"68_5D_19","68_5D","68",256,30.75,0,0,NA,544.63,443.15,0,0
"68_5D_19","68_5D","68",257,30.875,0,0,NA,544.63,443.15,0,0
"68_5D_19","68_5D","68",258,31,0,1,3.72725701332092,540.63,445.85,4.82597140480549,0.924999999999927
"68_5D_19","68_5D","68",259,31.125,0,1,4.12310552597046,540.5,446,0.198494332412772,0.0117999999999962
"68_5D_19","68_5D","68",260,31.25,0,1,3.63458633422852,540.19,445.81,0.363593179253909,0
"68_5D_19","68_5D","68",261,31.375,0,1,3.63458633422852,540.19,445.81,0,0
"68_5D_19","68_5D","68",262,31.5,0,1,3.9712381362915,540,445.67,0.236008474424155,-0.0559000000000131
"68_5D_19","68_5D","68",263,31.625,0,1,4.27798509597778,540.25,445.73,0.257099202643649,0.117800000000014
"68_5D_19","68_5D","68",264,31.75,0,1,4.3159761428833,540.69,445.86,0.45880278987823,-0.130400000000035
"68_5D_19","68_5D","68",265,31.875,0,1,3.16227769851685,540.5,445.5,0.40706264874099,0
"68_5D_19","68_5D","68",266,32,0,1,3.16227769851685,540.5,445.5,0,0
"68_5D_19","68_5D","68",267,32.125,0,1,4.30334234237671,540.85,445.85,0.494974746830615,-0.0700000000000205
"68_5D_19","68_5D","68",268,32.25,0,1,4.12310552597046,540.5,446,0.380788655293207,0.752500000000005
"68_5D_19","68_5D","68",269,32.375,0,1,3.94565057754517,538.71,446.84,1.97729613361272,3.74890000000006
"68_5D_19","68_5D","68",270,32.5,0,1,4.34192895889282,537.16,448,1.93600103305765,-10.0120000000004
"68_5D_19","68_5D","68",271,32.625,0,1,3.60555124282837,541,444.5,5.19572901525861,26.2498000000003
"68_5D_19","68_5D","68",272,32.75,0,1,3.61316752433777,545.22,441.63,5.10345961089144,0
"68_5D_19","68_5D","68",273,32.875,0,0,NA,545.22,441.63,0,0
"68_5D_19","68_5D","68",274,33,0,0,NA,545.22,441.63,0,0
"68_5D_19","68_5D","68",275,33.125,0,1,4.30334234237671,560.85,435.15,16.9200265957238,29.8343999999998
"68_5D_19","68_5D","68",276,33.25,0,1,3.72725701332092,562.85,435.37,2.01206361728451,-0.082800000000095
"68_5D_19","68_5D","68",277,33.375,0,1,3.61316752433777,562.78,435.63,0.269258240356729,-0.133999999999993
"68_5D_19","68_5D","68",278,33.5,0,1,4.46820449829102,562.8,435.12,0.510392006206984,-0.00829999999999172
"68_5D_19","68_5D","68",279,33.625,0,1,4.30334234237671,563.15,435.15,0.351283361405026,0.49590000000006
"68_5D_19","68_5D","68",280,33.75,0,1,4.85450744628906,564.62,434.53,1.59539963645479,-0.157800000000027
"68_5D_19","68_5D","68",281,33.875,0,1,4.24264049530029,564.5,434.5,0.123693168768528,-0.0276000000000032
"68_5D_19","68_5D","68",282,34,0,1,4.78565502166748,564.76,434.38,0.286356421265521,0.0479999999999991
"68_5D_19","68_5D","68",283,34.125,0,1,5,565,434.5,0.268328157299985,-1.68600000000007
"68_5D_19","68_5D","68",284,34.25,0,1,4.4320182800293,557.54,435.37,7.51055923350589,0
"68_5D_19","68_5D","68",285,34.375,0,0,NA,557.54,435.37,0,0
"68_5D_19","68_5D","68",286,34.5,0,1,4.24264049530029,553.5,437.5,4.56711068401015,0
"68_5D_19","68_5D","68",287,34.625,0,0,NA,553.5,437.5,0,0
"68_5D_19","68_5D","68",288,34.75,0,1,3.30277562141418,558,435.5,4.92442890089805,0
"68_5D_19","68_5D","68",289,34.875,0,0,NA,558,435.5,0,0
"68_5D_19","68_5D","68",290,35,0,1,3.79621624946594,566.72,435.59,8.72046443717309,0
"68_5D_19","68_5D","68",291,35.125,0,0,NA,566.72,435.59,0,0
"68_5D_19","68_5D","68",292,35.25,0,0,NA,566.72,435.59,0,0
"68_5D_19","68_5D","68",293,35.375,0,1,3.16227769851685,572.5,435.5,5.78070064957525,0
"68_5D_19","68_5D","68",294,35.5,0,1,4.24264049530029,572.5,435.5,0,0
"68_5D_19","68_5D","68",295,35.625,0,1,4.4320182800293,572.46,435.63,0.136014705087339,-0.0184999999999959
"68_5D_19","68_5D","68",296,35.75,0,1,4.24264049530029,572.5,435.5,0.136014705087339,0.00290000000000325
"68_5D_19","68_5D","68",297,35.875,0,1,3.79621624946594,572.28,435.41,0.23769728648011,-0.0565000000000075
"68_5D_19","68_5D","68",298,36,0,1,3.16227769851685,572.5,435.5,0.23769728648011,-0.0947000000000165
"68_5D_19","68_5D","68",299,36.125,0,1,3.9712381362915,572,435.67,0.528109837060441,-0.184199999999989
"68_5D_19","68_5D","68",300,36.25,0,1,3.79621624946594,572.28,435.41,0.38209946349083,0
"68_5D_19","68_5D","68",301,36.375,0,1,3.79621624946594,572.28,435.41,0,0
"68_5D_19","68_5D","68",302,36.5,0,1,3.79621624946594,572.28,435.41,0,0
"68_5D_19","68_5D","68",303,36.625,0,1,3.60555124282837,572,435.5,0.294108823397021,0
"68_5D_19","68_5D","68",304,36.75,0,1,3.60555124282837,572,435.5,0,0
"68_5D_19","68_5D","68",305,36.875,0,1,3.79621624946594,572.28,435.41,0.294108823397021,-0.0864999999999802
"68_5D_19","68_5D","68",306,37,0,1,3.60555124282837,572,435.5,0.294108823397021,0
"68_5D_19","68_5D","68",307,37.125,0,1,3.60555124282837,572,435.5,0,0
"68_5D_19","68_5D","68",308,37.25,0,1,3.60555124282837,572,435.5,0,0
"68_5D_19","68_5D","68",309,37.375,0,1,3.79621624946594,572.28,435.59,0.294108823397021,0
"68_5D_19","68_5D","68",310,37.5,0,1,3.79621624946594,572.28,435.59,0,0
"68_5D_19","68_5D","68",311,37.625,0,1,3.60555124282837,572,435.5,0.294108823397021,-0.0499000000000053
"68_5D_19","68_5D","68",312,37.75,0,1,3.61316752433777,572.22,435.37,0.255538646783634,0.00799999999998715
"68_5D_19","68_5D","68",313,37.875,0,1,3.79621624946594,572.28,435.41,0.0721110255092457,0
"68_5D_19","68_5D","68",314,38,0,1,3.79621624946594,572.28,435.41,0,0
"68_5D_19","68_5D","68",315,38.125,0,1,3.61316752433777,571.78,435.63,0.546260011349895,0
"68_5D_19","68_5D","68",316,38.25,0,1,3.61316752433777,571.78,435.63,0,0
"68_5D_19","68_5D","68",317,38.375,0,0,NA,571.78,435.63,0,0
"68_5D_19","68_5D","68",318,38.5,0,1,4.24264049530029,577.5,435.5,5.72147708201303,5.72000000000003
"68_5D_19","68_5D","68",319,38.625,0,1,3.16227769851685,578.5,435.5,1,1
"68_5D_19","68_5D","68",320,38.75,0,1,3.60555124282837,579.5,436,1.11803398874989,0.25
"68_5D_19","68_5D","68",321,38.875,0,1,3.16227769851685,579.5,436.5,0.5,0.155000000000001
"68_5D_19","68_5D","68",322,39,0,1,3.10949110984802,580,436.81,0.58830264320331,-0.222600000000007
"68_5D_19","68_5D","68",323,39.125,0,1,4.30334234237671,580.15,435.85,0.971648084442075,0
"68_5D_19","68_5D","68",324,39.25,0,0,NA,580.15,435.85,0,0
"68_5D_19","68_5D","68",325,39.375,0,0,NA,580.15,435.85,0,0
"68_5D_19","68_5D","68",326,39.5,0,0,NA,580.15,435.85,0,0
"68_5D_19","68_5D","68",327,39.625,0,1,3.63458633422852,580.19,436.81,0.960832971957128,0
"68_5D_19","68_5D","68",328,39.75,0,0,NA,580.19,436.81,0,0
"68_5D_19","68_5D","68",329,39.875,0,0,NA,580.19,436.81,0,0
"68_5D_19","68_5D","68",330,40,0,0,NA,580.19,436.81,0,0
"68_5D_19","68_5D","68",331,40.125,0,1,3.60555124282837,581,437.5,1.06404887105805,0.317099999999981
"68_5D_19","68_5D","68",332,40.25,0,1,3.61316752433777,581.63,437.22,0.689420046125712,1.41470000000001
"68_5D_19","68_5D","68",333,40.375,0,1,3.60555124282837,584,437.5,2.38648276758916,0
"68_5D_19","68_5D","68",334,40.5,0,0,NA,584,437.5,0,0
"68_5D_19","68_5D","68",335,40.625,0,0,NA,584,437.5,0,0
"68_5D_19","68_5D","68",336,40.75,0,1,4.18675136566162,598.33,443.73,15.6256775853081,42.1231999999994
"68_5D_19","68_5D","68",337,40.875,0,1,3.16227769851685,600.5,445.5,2.80032141012416,0.837699999999919
"68_5D_19","68_5D","68",338,41,0,1,3.61316752433777,600.78,445.63,0.308706980808636,-0.0952999999999835
"68_5D_19","68_5D","68",339,41.125,0,1,3.16227769851685,600.5,445.5,0.308706980808636,-0.0952999999999835
"68_5D_19","68_5D","68",340,41.25,0,1,3.61316752433777,600.78,445.63,0.308706980808636,0
"68_5D_19","68_5D","68",341,41.375,0,0,NA,600.78,445.63,0,0
"68_5D_19","68_5D","68",342,41.5,0,1,3.16227769851685,600.5,445.5,0.308706980808636,-0.180299999999985
"68_5D_19","68_5D","68",343,41.625,0,1,3.10949110984802,601,445.81,0.58830264320331,-0.165800000000016
"68_5D_19","68_5D","68",344,41.75,0,1,3.61316752433777,600.78,445.63,0.284253408071063,0
"68_5D_19","68_5D","68",345,41.875,0,1,3.61316752433777,600.78,445.63,0,0
"68_5D_19","68_5D","68",346,42,0,0,NA,600.78,445.63,0,0
"68_5D_19","68_5D","68",347,42.125,0,1,3.79621624946594,600.72,445.59,0.0721110255092457,-0.00519999999999509
"68_5D_19","68_5D","68",348,42.25,0,1,3.61316752433777,600.78,445.63,0.0721110255092457,-0.01319999999998
"68_5D_19","68_5D","68",349,42.375,0,1,3.57600021362305,600.5,445.72,0.294108823397039,-0.0864999999999904
"68_5D_19","68_5D","68",350,42.5,0,1,3.61316752433777,600.78,445.63,0.294108823397039,0
"68_5D_19","68_5D","68",351,42.625,0,1,3.61316752433777,600.78,445.63,0,0
"68_5D_19","68_5D","68",352,42.75,0,1,3.61316752433777,600.22,445.63,0.559999999999945,-0.156799999999969
"68_5D_19","68_5D","68",353,42.875,0,1,3.16227769851685,600.5,445.5,0.308706980808636,-0.073299999999998
"68_5D_19","68_5D","68",354,43,0,1,3.79621624946594,600.28,445.59,0.23769728648011,-0.106400000000013
"68_5D_19","68_5D","68",355,43.125,0,1,3.61316752433777,600.78,445.63,0.50159744815938,0.104800000000011
"68_5D_19","68_5D","68",356,43.25,0,1,3.60555124282837,601,445.5,0.255538646783634,-0.137600000000016
"68_5D_19","68_5D","68",357,43.375,0,1,3.9712381362915,600.67,446,0.599082632030029,0
"68_5D_19","68_5D","68",358,43.5,0,0,NA,600.67,446,0,0
"68_5D_19","68_5D","68",359,43.625,0,1,3.60555124282837,600.5,446,0.169999999999959,0
"68_5D_19","68_5D","68",360,43.75,0,0,NA,600.5,446,0,0
"68_5D_19","68_5D","68",361,43.875,0,1,3.83653593063354,600.55,445.86,0.148660687473157,0.00289999999998563
"68_5D_19","68_5D","68",362,44,0,1,3.41421365737915,601,446,0.471274866717967,-0.150800000000018
"68_5D_19","68_5D","68",363,44.125,0,1,3.61316752433777,600.78,445.63,0.430464865000636,-0.0224999999999932
"68_5D_19","68_5D","68",364,44.25,0,1,3.61316752433777,600.63,445.78,0.212132034355932,-0.0224999999999932
"68_5D_19","68_5D","68",365,44.375,0,1,3.16227769851685,600.5,445.5,0.308706980808636,0
"68_5D_19","68_5D","68",366,44.5,0,1,3.61316752433777,600.22,445.63,0.308706980808636,-0.156799999999969
"68_5D_19","68_5D","68",367,44.625,0,1,3.61316752433777,600.78,445.63,0.559999999999945,0
"68_5D_19","68_5D","68",368,44.75,0,0,NA,600.78,445.63,0,0
"68_5D_19","68_5D","68",369,44.875,0,1,4.07996129989624,604.59,447.48,4.23539844642751,-25.7426000000006
"68_5D_19","68_5D","68",370,45,0,1,3.61316752433777,599.63,443.78,6.18802068516264,0
"68_5D_19","68_5D","68",371,45.125,0,0,NA,599.63,443.78,0,0
"68_5D_19","68_5D","68",372,45.25,0,0,NA,599.63,443.78,0,0
"68_5D_19","68_5D","68",373,45.375,0,1,3.9712381362915,592.67,440,7.92022726946647,1.83899999999986
"68_5D_19","68_5D","68",374,45.5,0,1,4.27798509597778,592.27,440.25,0.471699056602811,-0.0865000000000223
"68_5D_19","68_5D","68",375,45.625,0,1,3.9712381362915,592.33,440,0.257099202643663,0
"68_5D_19","68_5D","68",376,45.75,0,0,NA,592.33,440,0,0
"68_5D_19","68_5D","68",377,45.875,0,1,3.9712381362915,592.33,440,0,0
"68_5D_19","68_5D","68",378,46,0,1,3.61316752433777,592.37,440.22,0.223606797749999,-0.0144000000000125
"68_5D_19","68_5D","68",379,46.125,0,1,3.83653593063354,592.45,440.14,0.113137084989905,-0.00240000000000814
"68_5D_19","68_5D","68",380,46.25,0,1,4.08487749099731,592.25,439.97,0.262488094968142,0
"68_5D_19","68_5D","68",381,46.375,0,0,NA,592.25,439.97,0,0
"68_5D_19","68_5D","68",382,46.5,0,1,4,592,440,0.25179356624028,0.0418000000000189
"68_5D_19","68_5D","68",383,46.625,0,1,3.63458633422852,591.81,439.81,0.268700576850925,0
"68_5D_19","68_5D","68",384,46.75,0,0,NA,591.81,439.81,0,0
"68_5D_19","68_5D","68",385,46.875,0,1,3.61316752433777,592.37,440.22,0.694046107978488,0
"68_5D_19","68_5D","68",386,47,0,0,NA,592.37,440.22,0,0
"68_5D_19","68_5D","68",387,47.125,0,1,3.60555124282837,592.5,440,0.255538646783634,-0.0161000000000003
"68_5D_19","68_5D","68",388,47.25,0,1,3.72725701332092,592.63,440.15,0.198494332412772,0
"68_5D_19","68_5D","68",389,47.375,0,1,3.72725701332092,592.63,440.15,0,0
"68_5D_19","68_5D","68",390,47.5,0,1,3.61316752433777,593.22,440.63,0.760591874792293,-0.626900000000067
"68_5D_19","68_5D","68",391,47.625,0,1,3.9712381362915,592.67,440,0.836301381082244,-0.0333999999999688
"68_5D_19","68_5D","68",392,47.75,0,1,3.79621624946594,592.41,440.28,0.38209946349083,0
"68_5D_19","68_5D","68",393,47.875,0,0,NA,592.41,440.28,0,0
"68_5D_19","68_5D","68",394,48,0,1,4.56155300140381,589,440.5,3.41708940474196,-0.368499999999905
"68_5D_19","68_5D","68",395,48.125,0,1,4.30334234237671,589.15,441.15,0.667083203206289,0.0945000000000072
"68_5D_19","68_5D","68",396,48.25,0,1,3.9712381362915,589,441.33,0.23430749027719,0.030600000000004
"68_5D_19","68_5D","68",397,48.375,0,1,3.60555124282837,589,441.5,0.170000000000016,0
"68_5D_19","68_5D","68",398,48.5,0,1,3.16227769851685,588.5,441.5,0.5,0.0649999999999977
"68_5D_19","68_5D","68",399,48.625,0,1,3.50364899635315,588.37,441.37,0.183847763108496,-0.0337999999999976
"68_5D_19","68_5D","68",400,48.75,0,1,3.16227769851685,588.5,441.5,0.183847763108496,0.0649999999999977
"68_5D_19","68_5D","68",401,48.875,0,1,3.60555124282837,589,441.5,0.5,0
"68_5D_19","68_5D","68",402,49,0,1,3.60555124282837,589,441.5,0,0
"68_5D_19","68_5D","68",403,49.125,0,1,3.61316752433777,588.78,441.63,0.255538646783634,-0.0202999999999949
"68_5D_19","68_5D","68",404,49.25,0,1,3.60555124282837,588.5,441,0.689420046125712,-0.314999999999998
"68_5D_19","68_5D","68",405,49.375,0,1,3.16227769851685,588.5,441.5,0.5,-0.25
"68_5D_19","68_5D","68",406,49.5,0,1,3.9712381362915,588.67,441,0.528109837060423,-0.0443999999999852
"68_5D_19","68_5D","68",407,49.625,0,1,4.30334234237671,588.85,441.15,0.234307490277234,-0.0105000000000309
"68_5D_19","68_5D","68",408,49.75,0,1,3.16227769851685,588.5,441.5,0.494974746830615,-0.175000000000011
"68_5D_19","68_5D","68",409,49.875,0,1,4.12310552597046,588.5,441,0.5,0
"68_5D_19","68_5D","68",410,50,0,1,3.60555124282837,588.5,441,0,0
"68_5D_19","68_5D","68",411,50.125,0,1,3.60555124282837,588.5,441,0,0
"68_5D_19","68_5D","68",412,50.25,0,1,3.60555124282837,588.5,441,0,0
"68_5D_19","68_5D","68",413,50.375,0,1,3.16227769851685,588.5,441.5,0.5,-0.155000000000001
"68_5D_19","68_5D","68",414,50.5,0,1,3.63458633422852,588.81,441.19,0.438406204335622,-0.0371999999999664
"68_5D_19","68_5D","68",415,50.625,0,1,3.60555124282837,588.5,441,0.363593179253909,-0.0420999999999803
"68_5D_19","68_5D","68",416,50.75,0,1,3.83653593063354,588.55,441.14,0.148660687473157,0.0296000000000053
"68_5D_19","68_5D","68",417,50.875,0,1,4.85450744628906,588.47,441.38,0.252982212813456,-0.093599999999998
"68_5D_19","68_5D","68",418,51,0,1,3.60555124282837,588.5,441,0.381182371050912,-0.175000000000011
"68_5D_19","68_5D","68",419,51.125,0,1,3.60555124282837,589,441.5,0.707106781186548,0.795000000000016
"68_5D_19","68_5D","68",420,51.25,0,1,4.85450744628906,587.62,444.47,3.27495038130353,2.1428999999999
"68_5D_19","68_5D","68",421,51.375,0,1,5.15573596954346,587.38,445.08,0.655515064662859,0.229600000000002
"68_5D_19","68_5D","68",422,51.5,0,1,5.06518507003784,586.83,445.24,0.572800139664751,-0.532199999999956
"68_5D_19","68_5D","68",423,51.625,0,1,4.97565937042236,587.53,444.32,1.15602768132945,1.11019999999997
"68_5D_19","68_5D","68",424,51.75,0,1,4.78565502166748,588.38,443.76,1.01788997440786,-0.106799999999968
"68_5D_19","68_5D","68",425,51.875,0,1,4.69213390350342,588.34,443.89,0.136014705087339,-0.0426999999999871
"68_5D_19","68_5D","68",426,52,0,1,4.85450744628906,588.53,443.62,0.330151480384335,0
"68_5D_19","68_5D","68",427,52.125,0,1,4.85450744628906,588.53,443.62,0,0
"68_5D_19","68_5D","68",428,52.25,0,1,4.85450744628906,588.53,443.62,0,0
"68_5D_19","68_5D","68",429,52.375,0,1,4.56155300140381,588.5,444,0.381182371050912,-0.189999999999998
"68_5D_19","68_5D","68",430,52.5,0,1,5.0990195274353,588.5,443.5,0.5,-0.0600000000000023
"68_5D_19","68_5D","68",431,52.625,0,1,4.85450744628906,588.53,443.62,0.123693168768528,0.0336000000000003
"68_5D_19","68_5D","68",432,52.75,0,1,4.3159761428833,588.69,443.86,0.288444102037172,-0.0832000000000306
"68_5D_19","68_5D","68",433,52.875,0,1,4.85450744628906,588.53,443.62,0.288444102037172,-0.0287999999999999
"68_5D_19","68_5D","68",434,53,0,1,4.60857009887695,588.5,443.76,0.143178210632744,0
"68_5D_19","68_5D","68",435,53.125,0,1,4.60857009887695,588.5,443.76,0,0
"68_5D_19","68_5D","68",436,53.25,0,0,NA,588.5,443.76,0,0
"68_5D_19","68_5D","68",437,53.375,0,0,NA,588.5,443.76,0,0
"68_5D_19","68_5D","68",438,53.5,0,0,NA,588.5,443.76,0,0
"68_5D_19","68_5D","68",439,53.625,0,0,NA,588.5,443.76,0,0
"68_5D_19","68_5D","68",440,53.75,0,0,NA,588.5,443.76,0,0
"68_5D_19","68_5D","68",441,53.875,0,0,NA,588.5,443.76,0,0
"68_5D_19","68_5D","68",442,54,0,0,NA,588.5,443.76,0,0
"68_5D_19","68_5D","68",443,54.125,0,0,NA,588.5,443.76,0,0
"68_5D_19","68_5D","68",444,54.25,0,0,NA,588.5,443.76,0,0
"68_5D_19","68_5D","68",445,54.375,0,0,NA,588.5,443.76,0,0
"68_5D_19","68_5D","68",446,54.5,0,0,NA,588.5,443.76,0,0
"68_5D_19","68_5D","68",447,54.625,0,0,NA,588.5,443.76,0,0
"68_5D_19","68_5D","68",448,54.75,0,0,NA,588.5,443.76,0,0
"68_5D_19","68_5D","68",449,54.875,0,0,NA,588.5,443.76,0,0
"68_5D_19","68_5D","68",450,55,0,0,NA,588.5,443.76,0,0
"68_5D_19","68_5D","68",451,55.125,0,0,NA,588.5,443.76,0,0
"68_5D_19","68_5D","68",452,55.25,0,0,NA,588.5,443.76,0,0
"68_5D_19","68_5D","68",453,55.375,0,0,NA,588.5,443.76,0,0
"68_5D_19","68_5D","68",454,55.5,0,0,NA,588.5,443.76,0,0
"68_5D_19","68_5D","68",455,55.625,0,0,NA,588.5,443.76,0,0
"68_5D_19","68_5D","68",456,55.75,0,0,NA,588.5,443.76,0,0
"68_5D_19","68_5D","68",457,55.875,0,0,NA,588.5,443.76,0,0
"68_5D_19","68_5D","68",458,56,0,0,NA,588.5,443.76,0,0
"68_5D_19","68_5D","68",459,56.125,0,0,NA,588.5,443.76,0,0
"68_5D_19","68_5D","68",460,56.25,0,0,NA,588.5,443.76,0,0
"68_5D_19","68_5D","68",461,56.375,0,0,NA,588.5,443.76,0,0
"68_5D_19","68_5D","68",462,56.5,0,0,NA,588.5,443.76,0,0
"68_5D_19","68_5D","68",463,56.625,0,0,NA,588.5,443.76,0,0
"68_5D_19","68_5D","68",464,56.75,0,0,NA,588.5,443.76,0,0
"68_5D_19","68_5D","68",465,56.875,0,0,NA,588.5,443.76,0,0
"68_5D_19","68_5D","68",466,57,0,0,NA,588.5,443.76,0,0
"68_5D_19","68_5D","68",467,57.125,0,0,NA,588.5,443.76,0,0
"68_5D_19","68_5D","68",468,57.25,0,0,NA,588.5,443.76,0,0
"68_5D_19","68_5D","68",469,57.375,0,0,NA,588.5,443.76,0,0
"68_5D_19","68_5D","68",470,57.5,0,0,NA,588.5,443.76,0,0
"68_5D_19","68_5D","68",471,57.625,0,0,NA,588.5,443.76,0,0
"68_5D_19","68_5D","68",472,57.75,0,0,NA,588.5,443.76,0,0
"68_5D_19","68_5D","68",473,57.875,0,2,3.60555124282837,588.5,443.76,0,0
"68_5D_19","68_5D","68",474,58,0,0,NA,588.5,443.76,0,0
"68_5D_19","68_5D","68",475,58.125,0,0,NA,588.5,443.76,0,0
"68_5D_19","68_5D","68",476,58.25,0,0,NA,588.5,443.76,0,0
"68_5D_19","68_5D","68",477,58.375,0,0,NA,588.5,443.76,0,0
"68_5D_19","68_5D","68",478,58.5,0,0,NA,588.5,443.76,0,0
"68_5D_19","68_5D","68",479,58.625,0,0,NA,588.5,443.76,0,0
"68_5D_19","68_5D","68",480,58.75,0,0,NA,588.5,443.76,0,0
"68_5D_19","68_5D","68",481,58.875,0,0,NA,588.5,443.76,0,0
"68_5D_19","68_5D","68",482,59,0,0,NA,588.5,443.76,0,0
"68_5D_19","68_5D","68",483,59.125,0,0,NA,588.5,443.76,0,0
"68_5D_19","68_5D","68",484,59.25,0,0,NA,588.5,443.76,0,0
"68_5D_19","68_5D","68",485,59.375,0,0,NA,588.5,443.76,0,0
"68_5D_19","68_5D","68",486,59.5,0,0,NA,588.5,443.76,0,0
"68_5D_19","68_5D","68",487,59.625,1,0,NA,588.5,443.76,0,0
"68_5D_19","68_5D","68",488,59.75,1,1,3.30277562141418,597,427.5,18.3476865026629,-1569.08879638672
"68_5D_19","68_5D","68",489,59.875,1,2,3.84965634346008,612.698425292969,532.206359863281,105.876637425345,-8097.07191121369
"68_5D_19","68_5D","68",490,60,1,1,3.83653593063354,579.45,459.86,79.6206855655583,0
"68_5D_19","68_5D","68",491,60.125,1,0,NA,579.45,459.86,0,0
"68_5D_19","68_5D","68",492,60.25,1,0,NA,579.45,459.86,0,0
"68_5D_19","68_5D","68",493,60.375,1,0,NA,579.45,459.86,0,0
"68_5D_19","68_5D","68",494,60.5,1,0,NA,579.45,459.86,0,0
"68_5D_19","68_5D","68",495,60.625,0,0,NA,579.45,459.86,0,0
"68_5D_19","68_5D","68",496,60.75,0,0,NA,579.45,459.86,0,0
"68_5D_19","68_5D","68",497,60.875,0,0,NA,579.45,459.86,0,0
"68_5D_19","68_5D","68",498,61,0,0,NA,579.45,459.86,0,0
"68_5D_19","68_5D","68",499,61.125,0,0,NA,579.45,459.86,0,0
"68_5D_19","68_5D","68",500,61.25,0,0,NA,579.45,459.86,0,0
"68_5D_19","68_5D","68",501,61.375,0,0,NA,579.45,459.86,0,0
"68_5D_19","68_5D","68",502,61.5,0,0,NA,579.45,459.86,0,0
"68_5D_19","68_5D","68",503,61.625,0,0,NA,579.45,459.86,0,0
"68_5D_19","68_5D","68",504,61.75,0,0,NA,579.45,459.86,0,0
"68_5D_19","68_5D","68",505,61.875,0,0,NA,579.45,459.86,0,0
"68_5D_19","68_5D","68",506,62,0,0,NA,579.45,459.86,0,0
"68_5D_19","68_5D","68",507,62.125,0,0,NA,579.45,459.86,0,0
"68_5D_19","68_5D","68",508,62.25,0,0,NA,579.45,459.86,0,0
"68_5D_19","68_5D","68",509,62.375,0,0,NA,579.45,459.86,0,0
"68_5D_19","68_5D","68",510,62.5,0,0,NA,579.45,459.86,0,0
"68_5D_19","68_5D","68",511,62.625,0,0,NA,579.45,459.86,0,0
"68_5D_19","68_5D","68",512,62.75,0,0,NA,579.45,459.86,0,0
"68_5D_19","68_5D","68",513,62.875,0,0,NA,579.45,459.86,0,0
"68_5D_19","68_5D","68",514,63,0,0,NA,579.45,459.86,0,0
"68_5D_19","68_5D","68",515,63.125,0,0,NA,579.45,459.86,0,0
"68_5D_19","68_5D","68",516,63.25,0,0,NA,579.45,459.86,0,0
"68_5D_19","68_5D","68",517,63.375,0,0,NA,579.45,459.86,0,0
"68_5D_19","68_5D","68",518,63.5,0,0,NA,579.45,459.86,0,0
"68_5D_19","68_5D","68",519,63.625,0,0,NA,579.45,459.86,0,0
"68_5D_19","68_5D","68",520,63.75,0,0,NA,579.45,459.86,0,0
"68_5D_19","68_5D","68",521,63.875,0,0,NA,579.45,459.86,0,0
"68_5D_19","68_5D","68",522,64,0,0,NA,579.45,459.86,0,0
"68_5D_19","68_5D","68",523,64.125,0,0,NA,579.45,459.86,0,0
"68_5D_19","68_5D","68",524,64.25,0,0,NA,579.45,459.86,0,0
"68_5D_19","68_5D","68",525,64.375,0,0,NA,579.45,459.86,0,0
"68_5D_19","68_5D","68",526,64.5,0,0,NA,579.45,459.86,0,0
"68_5D_19","68_5D","68",527,64.625,0,0,NA,579.45,459.86,0,0
"68_5D_19","68_5D","68",528,64.75,0,0,NA,579.45,459.86,0,0
"68_5D_19","68_5D","68",529,64.875,0,0,NA,579.45,459.86,0,0
"68_5D_19","68_5D","68",530,65,0,0,NA,579.45,459.86,0,0
"68_5D_19","68_5D","68",531,65.125,0,0,NA,579.45,459.86,0,0
"68_5D_19","68_5D","68",532,65.25,0,0,NA,579.45,459.86,0,0
"68_5D_19","68_5D","68",533,65.375,0,0,NA,579.45,459.86,0,0
"68_5D_19","68_5D","68",534,65.5,0,0,NA,579.45,459.86,0,0
"68_5D_19","68_5D","68",535,65.625,0,0,NA,579.45,459.86,0,0
"68_5D_19","68_5D","68",536,65.75,0,0,NA,579.45,459.86,0,0
"68_5D_19","68_5D","68",537,65.875,0,0,NA,579.45,459.86,0,0
"68_5D_19","68_5D","68",538,66,0,0,NA,579.45,459.86,0,0
"68_5D_19","68_5D","68",539,66.125,0,0,NA,579.45,459.86,0,0
"68_5D_19","68_5D","68",540,66.25,0,0,NA,579.45,459.86,0,0
"68_5D_19","68_5D","68",541,66.375,0,0,NA,579.45,459.86,0,0
"68_5D_19","68_5D","68",542,66.5,0,0,NA,579.45,459.86,0,0
"68_5D_19","68_5D","68",543,66.625,0,0,NA,579.45,459.86,0,0
"68_5D_19","68_5D","68",544,66.75,0,0,NA,579.45,459.86,0,0
"68_5D_19","68_5D","68",545,66.875,0,0,NA,579.45,459.86,0,0
"68_5D_19","68_5D","68",546,67,0,0,NA,579.45,459.86,0,0
"68_5D_19","68_5D","68",547,67.125,0,0,NA,579.45,459.86,0,0
"68_5D_19","68_5D","68",548,67.25,0,0,NA,579.45,459.86,0,0
"68_5D_19","68_5D","68",549,67.375,0,0,NA,579.45,459.86,0,0
"68_5D_19","68_5D","68",550,67.5,0,0,NA,579.45,459.86,0,0
"68_5D_19","68_5D","68",551,67.625,0,0,NA,579.45,459.86,0,0
"68_5D_19","68_5D","68",552,67.75,0,0,NA,579.45,459.86,0,0
"68_5D_19","68_5D","68",553,67.875,0,0,NA,579.45,459.86,0,0
"68_5D_19","68_5D","68",554,68,0,0,NA,579.45,459.86,0,0
"68_5D_19","68_5D","68",555,68.125,0,0,NA,579.45,459.86,0,0
"68_5D_19","68_5D","68",556,68.25,0,0,NA,579.45,459.86,0,0
"68_5D_19","68_5D","68",557,68.375,0,0,NA,579.45,459.86,0,0
"68_5D_19","68_5D","68",558,68.5,0,0,NA,579.45,459.86,0,0
"68_5D_19","68_5D","68",559,68.625,0,0,NA,579.45,459.86,0,0
"68_5D_19","68_5D","68",560,68.75,0,0,NA,579.45,459.86,0,0
"68_5D_19","68_5D","68",561,68.875,0,1,3.16227769851685,572.5,449.5,12.4752595163388,0
"68_5D_19","68_5D","68",562,69,0,0,NA,572.5,449.5,0,0
"68_5D_19","68_5D","68",563,69.125,0,0,NA,572.5,449.5,0,0
"68_5D_19","68_5D","68",564,69.25,0,1,3.16227769851685,572.5,449.5,0,0
"68_5D_19","68_5D","68",565,69.375,0,0,NA,572.5,449.5,0,0
"68_5D_19","68_5D","68",566,69.5,0,0,NA,572.5,449.5,0,0
"68_5D_19","68_5D","68",567,69.625,0,0,NA,572.5,449.5,0,0
"68_5D_19","68_5D","68",568,69.75,0,0,NA,572.5,449.5,0,0
"68_5D_19","68_5D","68",569,69.875,0,0,NA,572.5,449.5,0,0
"68_5D_19","68_5D","68",570,70,0,0,NA,572.5,449.5,0,0
"68_5D_19","68_5D","68",571,70.125,0,0,NA,572.5,449.5,0,0
"68_5D_19","68_5D","68",572,70.25,0,0,NA,572.5,449.5,0,0
"68_5D_19","68_5D","68",573,70.375,0,0,NA,572.5,449.5,0,0
"68_5D_19","68_5D","68",574,70.5,0,0,NA,572.5,449.5,0,0
"68_5D_19","68_5D","68",575,70.625,0,1,3.16227769851685,570.5,447.5,2.82842712474619,0
"68_5D_19","68_5D","68",576,70.75,0,0,NA,570.5,447.5,0,0
"68_5D_19","68_5D","68",577,70.875,0,0,NA,570.5,447.5,0,0
"68_5D_19","68_5D","68",578,71,0,0,NA,570.5,447.5,0,0
"68_5D_19","68_5D","68",579,71.125,0,0,NA,570.5,447.5,0,0
"68_5D_19","68_5D","68",580,71.25,0,0,NA,570.5,447.5,0,0
"68_5D_19","68_5D","68",581,71.375,0,0,NA,570.5,447.5,0,0
"68_5D_19","68_5D","68",582,71.5,0,0,NA,570.5,447.5,0,0
"68_5D_19","68_5D","68",583,71.625,0,0,NA,570.5,447.5,0,0
"68_5D_19","68_5D","68",584,71.75,0,0,NA,570.5,447.5,0,0
"68_5D_19","68_5D","68",585,71.875,0,0,NA,570.5,447.5,0,0
"68_5D_19","68_5D","68",586,72,0,0,NA,570.5,447.5,0,0
"68_5D_19","68_5D","68",587,72.125,0,0,NA,570.5,447.5,0,0
"68_5D_19","68_5D","68",588,72.25,0,0,NA,570.5,447.5,0,0
"68_5D_19","68_5D","68",589,72.375,0,0,NA,570.5,447.5,0,0
"68_5D_19","68_5D","68",590,72.5,0,0,NA,570.5,447.5,0,0
"68_5D_19","68_5D","68",591,72.625,0,0,NA,570.5,447.5,0,0
"68_5D_19","68_5D","68",592,72.75,0,0,NA,570.5,447.5,0,0
"68_5D_19","68_5D","68",593,72.875,0,0,NA,570.5,447.5,0,0
"68_5D_19","68_5D","68",594,73,0,0,NA,570.5,447.5,0,0
"68_5D_19","68_5D","68",595,73.125,0,0,NA,570.5,447.5,0,0
"68_5D_19","68_5D","68",596,73.25,0,0,NA,570.5,447.5,0,0
"68_5D_19","68_5D","68",597,73.375,0,0,NA,570.5,447.5,0,0
"68_5D_19","68_5D","68",598,73.5,0,0,NA,570.5,447.5,0,0
"68_5D_19","68_5D","68",599,73.625,0,0,NA,570.5,447.5,0,0
"68_5D_19","68_5D","68",600,73.75,0,0,NA,570.5,447.5,0,0
"68_5D_19","68_5D","68",601,73.875,0,0,NA,570.5,447.5,0,0
"68_5D_19","68_5D","68",602,74,0,0,NA,570.5,447.5,0,0
"68_5D_19","68_5D","68",603,74.125,0,0,NA,570.5,447.5,0,0
"68_5D_19","68_5D","68",604,74.25,0,0,NA,570.5,447.5,0,0
"68_5D_19","68_5D","68",605,74.375,0,0,NA,570.5,447.5,0,0
"68_5D_19","68_5D","68",606,74.5,0,0,NA,570.5,447.5,0,0
"68_5D_19","68_5D","68",607,74.625,0,0,NA,570.5,447.5,0,0
"68_5D_19","68_5D","68",608,74.75,0,0,NA,570.5,447.5,0,0
"68_5D_19","68_5D","68",609,74.875,0,0,NA,570.5,447.5,0,0
"68_5D_19","68_5D","68",610,75,0,0,NA,570.5,447.5,0,0
"68_5D_19","68_5D","68",611,75.125,0,0,NA,570.5,447.5,0,0
"68_5D_19","68_5D","68",612,75.25,0,0,NA,570.5,447.5,0,0
"68_5D_19","68_5D","68",613,75.375,0,0,NA,570.5,447.5,0,0
"68_5D_19","68_5D","68",614,75.5,0,0,NA,570.5,447.5,0,0
"68_5D_19","68_5D","68",615,75.625,0,0,NA,570.5,447.5,0,0
"68_5D_19","68_5D","68",616,75.75,0,0,NA,570.5,447.5,0,0
"68_5D_19","68_5D","68",617,75.875,0,0,NA,570.5,447.5,0,0
"68_5D_19","68_5D","68",618,76,0,0,NA,570.5,447.5,0,0
"68_5D_19","68_5D","68",619,76.125,0,0,NA,570.5,447.5,0,0
"68_5D_19","68_5D","68",620,76.25,0,0,NA,570.5,447.5,0,0
"68_5D_19","68_5D","68",621,76.375,0,0,NA,570.5,447.5,0,0
"68_5D_19","68_5D","68",622,76.5,0,0,NA,570.5,447.5,0,0
"68_5D_19","68_5D","68",623,76.625,0,0,NA,570.5,447.5,0,0
"68_5D_19","68_5D","68",624,76.75,0,0,NA,570.5,447.5,0,0
"68_5D_19","68_5D","68",625,76.875,0,0,NA,570.5,447.5,0,0
"68_5D_19","68_5D","68",626,77,0,0,NA,570.5,447.5,0,0
"68_5D_19","68_5D","68",627,77.125,0,0,NA,570.5,447.5,0,0
"68_5D_19","68_5D","68",628,77.25,0,0,NA,570.5,447.5,0,0
"68_5D_19","68_5D","68",629,77.375,0,1,3.16227769851685,567.5,445.5,3.60555127546399,0
"68_5D_19","68_5D","68",630,77.5,0,0,NA,567.5,445.5,0,0
"68_5D_19","68_5D","68",631,77.625,0,1,3.61316752433777,567.37,445.22,0.308706980808636,0
"68_5D_19","68_5D","68",632,77.75,0,0,NA,567.37,445.22,0,0
"68_5D_19","68_5D","68",633,77.875,0,1,3.61316752433777,567.63,445.22,0.259999999999991,-0.0337999999999976
"68_5D_19","68_5D","68",634,78,0,1,3.60555124282837,567.5,445,0.255538646783634,-0.0315000000000132
"68_5D_19","68_5D","68",635,78.125,0,1,3.61316752433777,567.37,445.22,0.255538646783634,-0.0653000000000108
"68_5D_19","68_5D","68",636,78.25,0,1,3.60555124282837,567.5,445,0.255538646783634,0
"68_5D_19","68_5D","68",637,78.375,0,1,3.60555124282837,567.5,445,0,0
"68_5D_19","68_5D","68",638,78.5,0,1,3.61316752433777,567.63,445.22,0.255538646783634,-0.0653000000000108
"68_5D_19","68_5D","68",639,78.625,0,1,3.60555124282837,567.5,445,0.255538646783634,0
"68_5D_19","68_5D","68",640,78.75,0,1,3.60555124282837,567.5,445,0,0
"68_5D_19","68_5D","68",641,78.875,0,1,3.16227769851685,567.5,445.5,0.5,-0.25
"68_5D_19","68_5D","68",642,79,0,1,3.60555124282837,567.5,445,0.5,-0.25
"68_5D_19","68_5D","68",643,79.125,0,1,3.16227769851685,567.5,445.5,0.5,0
"68_5D_19","68_5D","68",644,79.25,0,0,NA,567.5,445.5,0,0
"68_5D_19","68_5D","68",645,79.375,0,1,3.16227769851685,567.5,445.5,0,0
"68_5D_19","68_5D","68",646,79.5,0,1,3.16227769851685,567.5,445.5,0,0
"68_5D_19","68_5D","68",647,79.625,0,0,NA,567.5,445.5,0,0
"68_5D_19","68_5D","68",648,79.75,0,1,3.61316752433777,567.37,444.78,0.73164198895364,-0.215600000000016
"68_5D_19","68_5D","68",649,79.875,0,1,3.10949110984802,567.81,445,0.491934955049913,-0.24199999999996
"68_5D_19","68_5D","68",650,80,0,1,3.61316752433777,567.37,444.78,0.491934955049913,0.0307999999999553
"68_5D_19","68_5D","68",651,80.125,0,1,3.10949110984802,567.19,445,0.284253408071027,-0.0557999999999747
"68_5D_19","68_5D","68",652,80.25,0,1,3.60555124282837,567.5,445,0.309999999999945,0
"68_5D_19","68_5D","68",653,80.375,0,1,3.60555124282837,567.5,445,0,0
"68_5D_19","68_5D","68",654,80.5,0,1,3.61316752433777,567.63,445.22,0.255538646783634,0
"68_5D_19","68_5D","68",655,80.625,0,1,3.61316752433777,567.63,445.22,0,0
"68_5D_19","68_5D","68",656,80.75,0,1,3.61316752433777,567.63,444.78,0.440000000000055,-0.316800000000051
"68_5D_19","68_5D","68",657,80.875,0,1,3.16227769851685,567.5,445.5,0.73164198895364,-0.184699999999989
"68_5D_19","68_5D","68",658,81,0,1,3.61316752433777,567.37,445.22,0.308706980808636,0
"68_5D_19","68_5D","68",659,81.125,0,1,3.61316752433777,567.37,445.22,0,0
"68_5D_19","68_5D","68",660,81.25,0,1,3.60555124282837,567.5,445,0.255538646783634,-0.0315000000000132
"68_5D_19","68_5D","68",661,81.375,0,1,3.61316752433777,567.63,445.22,0.255538646783634,-0.0337999999999976
"68_5D_19","68_5D","68",662,81.5,0,1,3.61316752433777,567.37,445.22,0.259999999999991,0.0467999999999854
"68_5D_19","68_5D","68",663,81.625,0,1,3.10949110984802,567.19,445,0.284253408071027,0.01600000000003
"68_5D_19","68_5D","68",664,81.75,0,1,3.61316752433777,567.37,444.78,0.284253408071027,0
"68_5D_19","68_5D","68",665,81.875,0,1,3.61316752433777,567.37,444.78,0,0
"68_5D_19","68_5D","68",666,82,0,0,NA,567.37,444.78,0,0
"68_5D_19","68_5D","68",667,82.125,0,0,NA,567.37,444.78,0,0
"68_5D_19","68_5D","68",668,82.25,0,1,3.10949110984802,567.19,445,0.284253408071027,-0.193400000000031
"68_5D_19","68_5D","68",669,82.375,0,1,3.63458633422852,566.81,443.81,1.24919974383606,4.27209999999987
"68_5D_19","68_5D","68",670,82.5,0,1,4.34192895889282,568,439.84,4.14451444683214,5.5148000000001
"68_5D_19","68_5D","68",671,82.625,0,1,5.0990195274353,571.5,439.5,3.51647550823264,10.9273999999999
"68_5D_19","68_5D","68",672,82.75,0,1,4.69213390350342,574.66,439.89,3.18397550241829,2.6372000000002
"68_5D_19","68_5D","68",673,82.875,0,1,5.28329515457153,575.46,440.17,0.847584804016758,0.519599999999991
"68_5D_19","68_5D","68",674,83,0,1,4.47488498687744,575.91,440.74,0.726223106214565,0.128699999999971
"68_5D_19","68_5D","68",675,83.125,0,1,4.24264049530029,576.5,440.5,0.6369458375718,0
"68_5D_19","68_5D","68",676,83.25,0,0,NA,576.5,440.5,0,0
"68_5D_19","68_5D","68",677,83.375,0,0,NA,576.5,440.5,0,0
"68_5D_19","68_5D","68",678,83.5,0,0,NA,576.5,440.5,0,0
"68_5D_19","68_5D","68",679,83.625,0,1,4.26280307769775,575.89,440.74,0.655515064662911,-0.377299999999998
"68_5D_19","68_5D","68",680,83.75,0,1,3.84965634346008,576.3,440.21,0.670074622710042,-0.300599999999981
"68_5D_19","68_5D","68",681,83.875,0,1,4.59517049789429,575.89,440.46,0.480208288141692,0
"68_5D_19","68_5D","68",682,84,0,1,4.59517049789429,575.89,440.46,0,0
"68_5D_19","68_5D","68",683,84.125,0,1,4.46820449829102,576.88,440.8,1.04675689632313,0.664599999999994
"68_5D_19","68_5D","68",684,84.25,0,1,3.79621624946594,577.28,441.59,0.885494212290472,3.64179999999984
"68_5D_19","68_5D","68",685,84.375,0,1,3.10949110984802,582,443.81,5.21601380366275,0
"68_5D_19","68_5D","68",686,84.5,0,0,NA,582,443.81,0,0
"68_5D_19","68_5D","68",687,84.625,0,0,NA,582,443.81,0,0
"68_5D_19","68_5D","68",688,84.75,0,0,NA,582,443.81,0,0
"68_5D_19","68_5D","68",689,84.875,0,0,NA,582,443.81,0,0
"68_5D_19","68_5D","68",690,85,0,1,3.83653593063354,586.55,445.86,4.99049095781163,-0.982999999999849
"68_5D_19","68_5D","68",691,85.125,0,1,3.61316752433777,586.37,445.78,0.196977156035893,-0.0617999999999694
"68_5D_19","68_5D","68",692,85.25,0,1,3.61316752433777,586.78,445.63,0.436577599058824,-0.190599999999967
"68_5D_19","68_5D","68",693,85.375,0,1,3.61316752433777,586.37,445.78,0.436577599058824,-0.0202999999999949
"68_5D_19","68_5D","68",694,85.5,0,1,4.12310552597046,586.5,446,0.255538646783634,-0.0450000000000159
"68_5D_19","68_5D","68",695,85.625,0,1,3.61316752433777,586.78,445.63,0.464004310324794,-0.257799999999993
"68_5D_19","68_5D","68",696,85.75,0,1,4.30334234237671,586.15,445.85,0.66730802482812,-0.0925000000000432
"68_5D_19","68_5D","68",697,85.875,0,1,3.61316752433777,586.22,445.63,0.230867927612345,-0.061799999999999
"68_5D_19","68_5D","68",698,86,0,1,4.12310552597046,586.5,446,0.464004310324794,0
"68_5D_19","68_5D","68",699,86.125,0,1,4.12310552597046,586.5,446,0,0
"68_5D_19","68_5D","68",700,86.25,0,1,3.9712381362915,586.33,446,0.169999999999959,-0.0288999999999861
"68_5D_19","68_5D","68",701,86.375,0,1,4.12310552597046,586.5,446,0.169999999999959,0
"68_5D_19","68_5D","68",702,86.5,0,1,4.12310552597046,586.5,446,0,0
"68_5D_19","68_5D","68",703,86.625,0,1,4.30334234237671,586.15,445.85,0.380788655293207,0.00849999999997999
"68_5D_19","68_5D","68",704,86.75,0,1,3.61316752433777,586.22,445.63,0.230867927612345,0
"68_5D_19","68_5D","68",705,86.875,0,0,NA,586.22,445.63,0,0
"68_5D_19","68_5D","68",706,87,0,0,NA,586.22,445.63,0,0
"68_5D_19","68_5D","68",707,87.125,0,0,NA,586.22,445.63,0,0
"68_5D_19","68_5D","68",708,87.25,0,0,NA,586.22,445.63,0,0
"68_5D_19","68_5D","68",709,87.375,0,0,NA,586.22,445.63,0,0
"68_5D_19","68_5D","68",710,87.5,0,0,NA,586.22,445.63,0,0
"68_5D_19","68_5D","68",711,87.625,0,0,NA,586.22,445.63,0,0
"68_5D_19","68_5D","68",712,87.75,0,0,NA,586.22,445.63,0,0
"68_5D_19","68_5D","68",713,87.875,0,0,NA,586.22,445.63,0,0
"68_5D_19","68_5D","68",714,88,0,0,NA,586.22,445.63,0,0
"68_5D_19","68_5D","68",715,88.125,0,0,NA,586.22,445.63,0,0
"68_5D_19","68_5D","68",716,88.25,0,0,NA,586.22,445.63,0,0
"68_5D_19","68_5D","68",717,88.375,0,0,NA,586.22,445.63,0,0
"68_5D_19","68_5D","68",718,88.5,0,0,NA,586.22,445.63,0,0
"68_5D_19","68_5D","68",719,88.625,0,0,NA,586.22,445.63,0,0
"68_5D_19","68_5D","68",720,88.75,0,0,NA,586.22,445.63,0,0
"68_5D_19","68_5D","68",721,88.875,0,0,NA,586.22,445.63,0,0
"68_5D_19","68_5D","68",722,89,0,0,NA,586.22,445.63,0,0
"68_5D_19","68_5D","68",723,89.125,0,0,NA,586.22,445.63,0,0
"68_5D_19","68_5D","68",724,89.25,0,0,NA,586.22,445.63,0,0
"68_5D_19","68_5D","68",725,89.375,0,1,3.60555124282837,594,449.5,8.68937857386819,-1.20850000000022
"68_5D_19","68_5D","68",726,89.5,0,1,3.61316752433777,593.78,449.63,0.255538646783634,-0.0432000000000095
"68_5D_19","68_5D","68",727,89.625,0,1,3.9712381362915,594,449.67,0.223606797750009,-0.0500000000000136
"68_5D_19","68_5D","68",728,89.75,0,1,3.61316752433777,593.78,449.63,0.223606797750009,-0.0500000000000136
"68_5D_19","68_5D","68",729,89.875,0,1,3.9712381362915,594,449.67,0.223606797750009,0
"68_5D_19","68_5D","68",730,90,0,0,NA,594,449.67,0,0
"68_5D_19","68_5D","68",731,90.125,0,0,NA,594,449.67,0,0
"68_5D_19","68_5D","68",732,90.25,0,1,3.10949110984802,598.81,454,6.47186217405774,0
"68_5D_19","68_5D","68",733,90.375,0,0,NA,598.81,454,0,0
"68_5D_19","68_5D","68",734,90.5,0,1,3.84965634346008,601.21,455.7,2.94108823397062,-1.15100000000018
"68_5D_19","68_5D","68",735,90.625,0,1,3.61316752433777,600.78,455.63,0.435660418215901,0.0214000000000151
"68_5D_19","68_5D","68",736,90.75,0,1,3.9712381362915,600.67,456,0.386005181312384,0
"68_5D_19","68_5D","68",737,90.875,0,0,NA,600.67,456,0,0
"68_5D_19","68_5D","68",738,91,0,1,3.61316752433777,600.78,455.63,0.386005181312384,-0.208899999999995
"68_5D_19","68_5D","68",739,91.125,0,1,3.72725701332092,600.63,456.15,0.541202365109369,-0.208499999999966
"68_5D_19","68_5D","68",740,91.25,0,1,3.60555124282837,601.5,456,0.88283633817373,-0.435000000000002
"68_5D_19","68_5D","68",741,91.375,0,1,3.41421365737915,601,456,0.5,0
"68_5D_19","68_5D","68",742,91.5,0,1,3.41421365737915,601,456,0,0
"68_5D_19","68_5D","68",743,91.625,0,1,3.63458633422852,600.81,455.81,0.268700576850925,-0.0361000000000207
"68_5D_19","68_5D","68",744,91.75,0,1,3.10949110984802,601,455.81,0.190000000000055,-0.0418000000000172
"68_5D_19","68_5D","68",745,91.875,0,1,3.61316752433777,600.78,455.63,0.284253408071063,-0.115000000000015
"68_5D_19","68_5D","68",746,92,0,1,3.41421365737915,601,456,0.430464865000636,-0.112100000000017
"68_5D_19","68_5D","68",747,92.125,0,1,3.63458633422852,600.81,455.81,0.268700576850925,-0.0722000000000199
"68_5D_19","68_5D","68",748,92.25,0,1,3.41421365737915,601,456,0.268700576850925,-0.0722000000000199
"68_5D_19","68_5D","68",749,92.375,0,1,3.63458633422852,600.81,455.81,0.268700576850925,0.0398999999999973
"68_5D_19","68_5D","68",750,92.5,0,1,3.61316752433777,600.78,455.63,0.182482875908949,-0.0731999999999982
"68_5D_19","68_5D","68",751,92.625,0,1,3.41421365737915,601,456,0.430464865000636,-0.0703
"68_5D_19","68_5D","68",752,92.75,0,1,3.10949110984802,601,455.81,0.189999999999998,-0.0360999999999991
"68_5D_19","68_5D","68",753,92.875,0,1,3.41421365737915,601,456,0.189999999999998,-0.0360999999999991
"68_5D_19","68_5D","68",754,93,0,1,3.10949110984802,601,455.81,0.189999999999998,0
"68_5D_19","68_5D","68",755,93.125,0,1,3.10949110984802,601,455.81,0,0
"68_5D_19","68_5D","68",756,93.25,0,0,NA,601,455.81,0,0
"68_5D_19","68_5D","68",757,93.375,0,1,3.61316752433777,600.78,455.63,0.284253408071063,-0.0808000000000145
"68_5D_19","68_5D","68",758,93.5,0,1,3.10949110984802,601,455.81,0.284253408071063,0
"68_5D_19","68_5D","68",759,93.625,0,1,3.10949110984802,601,455.81,0,0
"68_5D_19","68_5D","68",760,93.75,0,1,3.10949110984802,601,455.81,0,0
"68_5D_19","68_5D","68",761,93.875,0,1,3.41421365737915,601,456,0.189999999999998,-0.0360999999999991
"68_5D_19","68_5D","68",762,94,0,1,3.10949110984802,601,455.81,0.189999999999998,0
"68_5D_19","68_5D","68",763,94.125,0,1,3.10949110984802,601,455.81,0,0
"68_5D_19","68_5D","68",764,94.25,0,0,NA,601,455.81,0,0
"68_5D_19","68_5D","68",765,94.375,0,0,NA,601,455.81,0,0
"68_5D_19","68_5D","68",766,94.5,0,1,3.60555124282837,601.5,456,0.534883164812652,-0.430300000000014
"68_5D_19","68_5D","68",767,94.625,0,1,3.61316752433777,600.78,455.63,0.809506022213574,0
"68_5D_19","68_5D","68",768,94.75,0,0,NA,600.78,455.63,0,0
"68_5D_19","68_5D","68",769,94.875,0,0,NA,600.78,455.63,0,0
"68_5D_19","68_5D","68",770,95,0,0,NA,600.78,455.63,0,0
"68_5D_19","68_5D","68",771,95.125,0,1,3.10949110984802,600.81,456,0.371214223865414,0
"68_5D_19","68_5D","68",772,95.25,0,0,NA,600.81,456,0,0
"68_5D_19","68_5D","68",773,95.375,0,1,3.10949110984802,601,455.81,0.268700576850925,0
"68_5D_19","68_5D","68",774,95.5,0,1,3.10949110984802,601,455.81,0,0
"68_5D_19","68_5D","68",775,95.625,0,0,NA,601,455.81,0,0
"68_5D_19","68_5D","68",776,95.75,0,1,3.41421365737915,601,456,0.189999999999998,0
"68_5D_19","68_5D","68",777,95.875,0,0,NA,601,456,0,0
"68_5D_19","68_5D","68",778,96,0,0,NA,601,456,0,0
"68_5D_19","68_5D","68",779,96.125,0,0,NA,601,456,0,0
"68_5D_19","68_5D","68",780,96.25,0,0,NA,601,456,0,0
"68_5D_19","68_5D","68",781,96.375,0,0,NA,601,456,0,0
"68_5D_19","68_5D","68",782,96.5,0,0,NA,601,456,0,0
"68_5D_19","68_5D","68",783,96.625,0,0,NA,601,456,0,0
"68_5D_19","68_5D","68",784,96.75,0,0,NA,601,456,0,0
"68_5D_19","68_5D","68",785,96.875,0,0,NA,601,456,0,0
"68_5D_19","68_5D","68",786,97,0,0,NA,601,456,0,0
"68_5D_19","68_5D","68",787,97.125,0,0,NA,601,456,0,0
"68_5D_19","68_5D","68",788,97.25,0,0,NA,601,456,0,0
"68_5D_19","68_5D","68",789,97.375,0,0,NA,601,456,0,0
"68_5D_19","68_5D","68",790,97.5,0,0,NA,601,456,0,0
"68_5D_19","68_5D","68",791,97.625,0,0,NA,601,456,0,0
"68_5D_19","68_5D","68",792,97.75,0,0,NA,601,456,0,0
"68_5D_19","68_5D","68",793,97.875,0,0,NA,601,456,0,0
"68_5D_19","68_5D","68",794,98,0,1,4.84461498260498,593.32,457.97,7.92863796625873,15.2787000000007
"68_5D_19","68_5D","68",795,98.125,0,1,5.01674652099609,591.8,459.8,2.37892833015209,4.03599999999988
"68_5D_19","68_5D","68",796,98.25,0,1,4.89098739624023,591.36,461.64,1.89187737446164,2.68920000000004
"68_5D_19","68_5D","68",797,98.375,0,1,4.60450983047485,590.81,462.97,1.43923590839035,0.0678999999999498
"68_5D_19","68_5D","68",798,98.5,0,1,5.07377624511719,590.88,463.05,0.106301458127367,0.0125999999999964
"68_5D_19","68_5D","68",799,98.625,0,1,4.73271036148071,590.9,463.19,0.141421356237293,0
"68_5D_19","68_5D","68",800,98.75,0,1,4.73271036148071,590.9,463.19,0,0
"68_5D_19","68_5D","68",801,98.875,0,1,4.82044458389282,590.81,463,0.210237960416298,0.0008999999999995
"68_5D_19","68_5D","68",802,99,0,1,5.10775804519653,590.8,463,0.00999999999999091,-0.00129999999999877
"68_5D_19","68_5D","68",803,99.125,0,1,5.5619044303894,590.93,463.06,0.14317821063276,-0.00509999999999527
"68_5D_19","68_5D","68",804,99.25,0,1,4.62220525741577,590.78,463.3,0.283019433961694,-0.00690000000000791
"68_5D_19","68_5D","68",805,99.375,0,1,4.69213390350342,590.89,463.34,0.117046999107197,-0.019599999999995
"68_5D_19","68_5D","68",806,99.5,0,1,5.00174474716187,590.77,463.18,0.199999999999977,-0.00800000000000023
"68_5D_19","68_5D","68",807,99.625,0,1,5.00709676742554,590.77,463.23,0.0500000000000114,-0.00450000000000261
"68_5D_19","68_5D","68",808,99.75,0,1,4.57052564620972,590.8,463.14,0.0948683298050729,-0.0228000000000063
"68_5D_19","68_5D","68",809,99.875,0,1,4.78565502166748,590.76,463.38,0.243310501211932,0.333199999999994
"68_5D_19","68_5D","68",810,100,0,1,4.69213390350342,590.11,464.66,1.43558350505989,0.506699999999984
"68_5D_19","68_5D","68",811,100.125,0,1,4.4721360206604,590,465,0.357351367704093,-0.127699999999986
"68_5D_19","68_5D","68",812,100.25,0,1,4.69213390350342,590.11,464.66,0.357351367704093,0
"68_5D_19","68_5D","68",813,100.375,0,0,NA,590.11,464.66,0,0
"68_5D_19","68_5D","68",814,100.5,0,0,NA,590.11,464.66,0,0
"68_5D_19","68_5D","68",815,100.625,0,0,NA,590.11,464.66,0,0
"68_5D_19","68_5D","68",816,100.75,0,1,4.86371183395386,589.76,466.32,1.69649638962183,0.669999999999952
"68_5D_19","68_5D","68",817,100.875,0,1,4.89700937271118,589.98,466.77,0.500899191454729,0.171399999999991
"68_5D_19","68_5D","68",818,101,0,1,4.73271036148071,589.9,467.19,0.427551166528662,-0.155000000000021
"68_5D_19","68_5D","68",819,101.125,0,1,4.34192895889282,590,466.84,0.364005494464054,-0.0415000000000177
"68_5D_19","68_5D","68",820,101.25,0,1,4.4032998085022,589.9,466.93,0.134536240470775,0.0278000000000103
"68_5D_19","68_5D","68",821,101.375,0,1,5.10945129394531,590,467.35,0.431740662898479,-0.186400000000018
"68_5D_19","68_5D","68",822,101.5,0,1,4.4032998085022,589.9,466.93,0.431740662898479,-0.1092
"68_5D_19","68_5D","68",823,101.625,0,1,4.73271036148071,589.9,467.19,0.259999999999991,-0.0493999999999977
"68_5D_19","68_5D","68",824,101.75,0,1,4.4721360206604,590,467,0.214709105535847,0
"68_5D_19","68_5D","68",825,101.875,0,1,4.4721360206604,590,467,0,0
"68_5D_19","68_5D","68",826,102,0,0,NA,590,467,0,0
"68_5D_19","68_5D","68",827,102.125,0,1,4.73271036148071,589.9,467.19,0.214709105535847,-0.0461000000000037
"68_5D_19","68_5D","68",828,102.25,0,1,4.4721360206604,590,467,0.214709105535847,-0.0461000000000037
"68_5D_19","68_5D","68",829,102.375,0,1,4.73271036148071,589.9,467.19,0.214709105535847,0.0005000000000025
"68_5D_19","68_5D","68",830,102.5,0,1,4.57052564620972,589.8,467.14,0.111803398875015,0.000499999999996817
"68_5D_19","68_5D","68",831,102.625,0,1,4.4032998085022,589.9,466.93,0.232594066992251,-0.419999999999959
"68_5D_19","68_5D","68",832,102.75,0,1,4.4032998085022,589.9,468.93,2,0.240000000000009
"68_5D_19","68_5D","68",833,102.875,0,1,5.19134998321533,589.6,469.05,0.32310988842803,-0.0293999999999784
"68_5D_19","68_5D","68",834,103,0,1,5.00709676742554,589.77,469.23,0.247588368062776,0
"68_5D_19","68_5D","68",835,103.125,0,0,NA,589.77,469.23,0,0
"68_5D_19","68_5D","68",836,103.25,0,0,NA,589.77,469.23,0,0
"68_5D_19","68_5D","68",837,103.375,0,1,5.10945129394531,590,469.35,0.259422435421475,-0.0712000000000194
"68_5D_19","68_5D","68",838,103.5,0,1,4.57052564620972,589.8,469.14,0.290000000000058,0
"68_5D_19","68_5D","68",839,103.625,0,0,NA,589.8,469.14,0,0
"68_5D_19","68_5D","68",840,103.75,0,1,4.69213390350342,590.11,469.66,0.605392434706676,0
"68_5D_19","68_5D","68",841,103.875,0,0,NA,590.11,469.66,0,0
"68_5D_19","68_5D","68",842,104,0,1,5.13444757461548,589.8,471.46,1.82649938406775,0.40840000000003
"68_5D_19","68_5D","68",843,104.125,0,1,4.86371183395386,589.76,471.68,0.223606797749999,-0.0396000000000064
"68_5D_19","68_5D","68",844,104.25,0,1,4.60857009887695,589.76,471.5,0.180000000000007,-0.0288000000000056
"68_5D_19","68_5D","68",845,104.375,0,1,4.69213390350342,589.89,471.66,0.2061552812809,0
"68_5D_19","68_5D","68",846,104.5,0,1,4.69213390350342,589.89,471.66,0,0
"68_5D_19","68_5D","68",847,104.625,0,1,4.69213390350342,589.89,471.66,0,0
"68_5D_19","68_5D","68",848,104.75,0,1,4.62220525741577,589.78,471.7,0.117046999107197,0.047799999999929
"68_5D_19","68_5D","68",849,104.875,0,1,4.56155300140381,590,473.5,1.81339460680792,0
"68_5D_19","68_5D","68",850,105,0,0,NA,590,473.5,0,0
"68_5D_19","68_5D","68",851,105.125,0,1,4.24264049530029,590.5,476.5,3.04138126514911,-0.0500000000000114
"68_5D_19","68_5D","68",852,105.25,0,1,4.83818531036377,590.7,476.45,0.20615528128093,-0.0430000000000304
"68_5D_19","68_5D","68",853,105.375,0,1,4.00222158432007,590.56,476.75,0.33105890714499,-0.0732000000000323
"68_5D_19","68_5D","68",854,105.5,0,1,4.69213390350342,590.89,476.66,0.342052627529774,0
"68_5D_19","68_5D","68",855,105.625,0,1,4.69213390350342,590.89,476.66,0,0
"68_5D_19","68_5D","68",856,105.75,0,1,5.08612632751465,590.56,476.71,0.333766385365606,-0.107200000000028
"68_5D_19","68_5D","68",857,105.875,0,1,4.73271036148071,590.9,476.81,0.354400902933424,0.0384000000000075
"68_5D_19","68_5D","68",858,106,0,1,5.30143642425537,590.91,477.16,0.350142828000254,-0.0570000000000117
"68_5D_19","68_5D","68",859,106.125,0,1,4.82044458389282,590.81,477,0.188679622641165,0
"68_5D_19","68_5D","68",860,106.25,0,0,NA,590.81,477,0,0
"68_5D_19","68_5D","68",861,106.375,0,1,5.30143642425537,590.91,477.16,0.188679622641165,-0.0552000000000076
"68_5D_19","68_5D","68",862,106.5,0,1,4.89960813522339,590.71,476.94,0.297321374946344,0
"68_5D_19","68_5D","68",863,106.625,0,1,4.89960813522339,590.71,476.94,0,0
"68_5D_19","68_5D","68",864,106.75,0,1,4.89960813522339,590.71,476.94,0,0
"68_5D_19","68_5D","68",865,106.875,0,1,5.30143642425537,590.91,477.16,0.297321374946344,-0.11440000000001
"68_5D_19","68_5D","68",866,107,0,1,4.64440011978149,590.8,476.74,0.434165866921867,-0.590600000000024
"68_5D_19","68_5D","68",867,107.125,0,1,4.33298635482788,591.74,477.9,1.49305056846713,3.84840000000002
"68_5D_19","68_5D","68",868,107.25,0,1,4.3159761428833,592.86,480.31,2.65753645318369,5.5432
"68_5D_19","68_5D","68",869,107.375,0,1,4.30334234237671,593.85,482.15,2.08942575843219,1.91340000000003
"68_5D_19","68_5D","68",870,107.5,0,1,4.48780488967896,594.11,483.05,0.93680307429046,0.137599999999982
"68_5D_19","68_5D","68",871,107.625,0,1,4.46820449829102,594.12,483.2,0.150332963783706,0
"68_5D_19","68_5D","68",872,107.75,0,1,4.46820449829102,594.12,483.2,0,0
"68_5D_19","68_5D","68",873,107.875,0,1,4.33298635482788,594.26,483.1,0.172046505340822,0
"68_5D_19","68_5D","68",874,108,0,0,NA,594.26,483.1,0,0
"68_5D_19","68_5D","68",875,108.125,0,1,4.69213390350342,594.11,483.34,0.283019433961646,-0.122099999999969
"68_5D_19","68_5D","68",876,108.25,0,1,4.80206108093262,594.38,483,0.434165866921817,-0.145199999999985
"68_5D_19","68_5D","68",877,108.375,0,1,4.62220525741577,594.22,483.3,0.339999999999995,0.0295999999999882
"68_5D_19","68_5D","68",878,108.5,0,1,4.69213390350342,594.11,483.34,0.117046999107197,-0.0390999999999914
"68_5D_19","68_5D","68",879,108.625,0,1,4.64253902435303,594.4,483.16,0.341320963317463,0.0577999999999995
"68_5D_19","68_5D","68",880,108.75,0,1,5,594.5,483,0.188679622641165,-0.0356000000000126
"68_5D_19","68_5D","68",881,108.875,0,1,4.64253902435303,594.4,483.16,0.188679622641165,0.0155999999999978
"68_5D_19","68_5D","68",882,109,0,1,5.19188404083252,594.34,483.22,0.0848528137423487,0.0155999999999944
"68_5D_19","68_5D","68",883,109.125,0,1,4.78565502166748,594.24,483.38,0.188679622641117,-0.0355999999999944
"68_5D_19","68_5D","68",884,109.25,0,1,5.19188404083252,594.34,483.22,0.188679622641117,0.0363999999999895
"68_5D_19","68_5D","68",885,109.375,0,1,4.32650709152222,594.24,482.93,0.306757233003586,0
"68_5D_19","68_5D","68",886,109.5,0,0,NA,594.24,482.93,0,0
"68_5D_19","68_5D","68",887,109.625,0,1,4.73271036148071,595.1,485.19,2.41809842645,0.34759999999994
"68_5D_19","68_5D","68",888,109.75,0,1,4.69213390350342,595.11,485.34,0.150332963783706,-0.022599999999993
"68_5D_19","68_5D","68",889,109.875,0,1,4.73271036148071,595.1,485.19,0.150332963783706,-0.0298999999999939
"68_5D_19","68_5D","68",890,110,0,1,4.78565502166748,595.24,485.38,0.236008474424109,0.00420000000000657
"68_5D_19","68_5D","68",891,110.125,0,1,4.69213390350342,594.89,485.66,0.448218696620336,0
"68_5D_19","68_5D","68",892,110.25,0,0,NA,594.89,485.66,0,0
"68_5D_19","68_5D","68",893,110.375,0,1,4.05183553695679,595.67,487,1.55048379546511,0.895200000000029
"68_5D_19","68_5D","68",894,110.5,0,1,4.59517049789429,595.89,487.54,0.583095189484559,0
"68_5D_19","68_5D","68",895,110.625,0,0,NA,595.89,487.54,0,0
"68_5D_19","68_5D","68",896,110.75,0,1,4.4320182800293,595.37,487.46,0.526117857518624,-0.0624000000000343
"68_5D_19","68_5D","68",897,110.875,0,1,4.62920379638672,595.45,487.72,0.272029410174767,0
"68_5D_19","68_5D","68",898,111,0,1,4.62920379638672,595.45,487.72,0,0
"68_5D_19","68_5D","68",899,111.125,0,0,NA,595.45,487.72,0,0
"68_5D_19","68_5D","68",900,111.25,0,1,4.00222158432007,595.44,487.25,0.470106370941753,-0.123100000000001
"68_5D_19","68_5D","68",901,111.375,0,1,5,596,487.5,0.613269924258429,0
"68_5D_19","68_5D","68",902,111.5,0,0,NA,596,487.5,0,0
"68_5D_19","68_5D","68",903,111.625,0,1,4.30345630645752,595.65,487.68,0.393573373083112,0.0762999999999749
"68_5D_19","68_5D","68",904,111.75,0,1,4.61096954345703,596.08,488.94,1.33135269556945,0.513800000000017
"68_5D_19","68_5D","68",905,111.875,0,1,4.62220525741577,596.22,489.3,0.386264158316567,0
"68_5D_19","68_5D","68",906,112,0,1,4.62220525741577,596.22,489.3,0,0
"68_5D_19","68_5D","68",907,112.125,0,1,4.69213390350342,596.11,489.34,0.117046999107197,-0.0365000000000086
"68_5D_19","68_5D","68",908,112.25,0,1,4.24264049530029,596.5,489.5,0.421544778167157,0
"68_5D_19","68_5D","68",909,112.375,0,0,NA,596.5,489.5,0,0
"68_5D_19","68_5D","68",910,112.5,0,1,4.4320182800293,596.37,489.46,0.136014705087356,-0.0156000000000023
"68_5D_19","68_5D","68",911,112.625,0,1,3.79621624946594,596.41,489.72,0.26305892875936,-0.0692000000000219
"68_5D_19","68_5D","68",912,112.75,0,1,4.4320182800293,596.37,489.46,0.26305892875936,0.047599999999993
"68_5D_19","68_5D","68",913,112.875,0,1,4.62220525741577,596.22,489.3,0.219317121994574,-0.048099999999983
"68_5D_19","68_5D","68",914,113,0,1,4.4320182800293,596.37,489.46,0.219317121994574,-0.0490999999999903
"68_5D_19","68_5D","68",915,113.125,0,1,5,596,489.5,0.372155881318575,-0.0343000000000013
"68_5D_19","68_5D","68",916,113.25,0,1,4.69213390350342,596.11,489.66,0.194164878389504,-0.037700000000011
"68_5D_19","68_5D","68",917,113.375,0,1,5,596,489.5,0.194164878389504,-0.0343000000000013
"68_5D_19","68_5D","68",918,113.5,0,1,4.4320182800293,596.37,489.46,0.372155881318575,-0.104200000000004
"68_5D_19","68_5D","68",919,113.625,0,1,4.69213390350342,596.11,489.66,0.328024389337155,0
"68_5D_19","68_5D","68",920,113.75,0,1,4.69213390350342,596.11,489.66,0,0
"68_5D_19","68_5D","68",921,113.875,0,1,4.56155300140381,596,489.5,0.194164878389504,-0.037700000000011
"68_5D_19","68_5D","68",922,114,0,1,4.69213390350342,596.11,489.66,0.194164878389504,-0.0113000000000067
"68_5D_19","68_5D","68",923,114.125,0,1,4.60857009887695,596.24,489.5,0.2061552812809,0.00870000000000919
"68_5D_19","68_5D","68",924,114.25,0,1,4.69213390350342,596.11,489.34,0.2061552812809,-0.0657000000000112
"68_5D_19","68_5D","68",925,114.375,0,1,4.34192895889282,596,489.84,0.511957029446811,0.126000000000013
"68_5D_19","68_5D","68",926,114.5,0,1,4.4032998085022,595.9,490.07,0.250798724079715,-0.0381000000000074
"68_5D_19","68_5D","68",927,114.625,0,1,4.29617643356323,595.89,489.9,0.170293863659279,0.0385999999999974
"68_5D_19","68_5D","68",928,114.75,0,1,4.69213390350342,596.11,489.66,0.325576411921977,0
"68_5D_19","68_5D","68",929,114.875,0,1,4.69213390350342,596.11,489.66,0,0
"68_5D_19","68_5D","68",930,115,0,1,4.73271036148071,596.1,489.81,0.150332963783706,0
"68_5D_19","68_5D","68",931,115.125,0,0,NA,596.1,489.81,0,0
"68_5D_19","68_5D","68",932,115.25,0,1,4.69213390350342,596.11,489.66,0.150332963783706,0.022900000000001
"68_5D_19","68_5D","68",933,115.375,0,1,5,596,489.5,0.194164878389504,-0.037700000000011
"68_5D_19","68_5D","68",934,115.5,0,1,4.69213390350342,596.11,489.66,0.194164878389504,0
"68_5D_19","68_5D","68",935,115.625,0,0,NA,596.11,489.66,0,0
"68_5D_19","68_5D","68",936,115.75,0,1,4.24264049530029,596.5,489.5,0.421544778167157,0
"68_5D_19","68_5D","68",937,115.875,0,0,NA,596.5,489.5,0,0
"68_5D_19","68_5D","68",938,116,0,0,NA,596.5,489.5,0,0
"68_5D_19","68_5D","68",939,116.125,0,0,NA,596.5,489.5,0,0
"68_5D_19","68_5D","68",940,116.25,0,0,NA,596.5,489.5,0,0
"68_5D_19","68_5D","68",941,116.375,0,0,NA,596.5,489.5,0,0
"68_5D_19","68_5D","68",942,116.5,0,0,NA,596.5,489.5,0,0
"68_5D_19","68_5D","68",943,116.625,0,1,3.57600021362305,596.72,491.5,2.01206361728451,0
"68_5D_19","68_5D","68",944,116.75,0,0,NA,596.72,491.5,0,0
"68_5D_19","68_5D","68",945,116.875,0,0,NA,596.72,491.5,0,0
"68_5D_19","68_5D","68",946,117,0,1,4.24264049530029,596.5,492.5,1.02391405889362,0.277400000000005
"68_5D_19","68_5D","68",947,117.125,0,1,4.69613313674927,596.33,492.74,0.294108823397039,0.166000000000007
"68_5D_19","68_5D","68",948,117.25,0,1,4.4320182800293,596.37,493.46,0.721110255092766,0
"68_5D_19","68_5D","68",949,117.375,0,1,4.4320182800293,596.37,493.46,0,0
"68_5D_19","68_5D","68",950,117.5,0,1,5,596,493.5,0.372155881318575,-0.0894000000000147
"68_5D_19","68_5D","68",951,117.625,0,1,4.62220525741577,596.22,493.3,0.297321374946383,0.0582000000000124
"68_5D_19","68_5D","68",952,117.75,0,1,4.4320182800293,596.63,493.46,0.440113621693267,0
"68_5D_19","68_5D","68",953,117.875,0,1,4.4320182800293,596.63,493.46,0,0
"68_5D_19","68_5D","68",954,118,0,1,4.97565937042236,596.47,493.32,0.21260291625466,-0.00500000000000341
"68_5D_19","68_5D","68",955,118.125,0,1,4.53098201751709,596.58,493.23,0.142126704035514,0
"68_5D_19","68_5D","68",956,118.25,0,0,NA,596.58,493.23,0,0
"68_5D_19","68_5D","68",957,118.375,0,1,4.69213390350342,596.11,493.34,0.482700735445904,-0.287900000000011
"68_5D_19","68_5D","68",958,118.5,0,1,4.60857009887695,596.76,493.5,0.669402718847166,-0.0957999999999843
"68_5D_19","68_5D","68",959,118.625,0,1,4.85450744628906,596.62,493.47,0.143178210632744,0.061499999999987
"68_5D_19","68_5D","68",960,118.75,0,1,4.33298635482788,596.26,493.1,0.516236379965625,-0.185400000000002
"68_5D_19","68_5D","68",961,118.875,0,1,3.79621624946594,596.59,493.28,0.375898922584262,0.0455999999999819
"68_5D_19","68_5D","68",962,119,0,1,4.4320182800293,596.63,493.46,0.184390889145857,-0.0103999999999902
"68_5D_19","68_5D","68",963,119.125,0,1,4.4320182800293,596.37,493.46,0.259999999999991,-0.026000000000005
"68_5D_19","68_5D","68",964,119.25,0,1,4.97565937042236,596.47,493.32,0.172046505340855,0.0176000000000055
"68_5D_19","68_5D","68",965,119.375,0,1,3.79621624946594,596.59,493.28,0.126491106406746,0
"68_5D_19","68_5D","68",966,119.5,0,1,3.79621624946594,596.59,493.28,0,0
"68_5D_19","68_5D","68",967,119.625,0,1,4.4032998085022,596.9,494.93,1.67886866669197,0.146499999999993
"68_5D_19","68_5D","68",968,119.75,0,1,4.4721360206604,597,495,0.122065556157352,0.0479000000000015
"68_5D_19","68_5D","68",969,119.875,0,1,5.05560827255249,597.08,495.57,0.575586657246325,-0.0463000000000022
"68_5D_19","68_5D","68",970,120,0,1,5,597,495.5,0.106301458127373,0
"68_5D_19","68_5D","68",971,120.125,0,1,5,597,495.5,0,0
"68_5D_19","68_5D","68",972,120.25,0,1,5,597,495.5,0,0
"68_5D_19","68_5D","68",973,120.375,0,1,5.00488424301147,596.92,495.58,0.113137084989865,-0.0456000000000052
"68_5D_19","68_5D","68",974,120.5,0,1,4.73271036148071,597.1,495.19,0.429534631898305,-0.093300000000002
"68_5D_19","68_5D","68",975,120.625,0,1,5.00488424301147,597.08,495.42,0.23086792761232,0.046700000000002
"68_5D_19","68_5D","68",976,120.75,0,1,5.28675365447998,597.16,495.63,0.224722050542397,0
"68_5D_19","68_5D","68",977,120.875,0,0,NA,597.16,495.63,0,0
"68_5D_19","68_5D","68",978,121,0,1,4.73271036148071,596.9,495.81,0.316227766016834,-0.117000000000015
"68_5D_19","68_5D","68",979,121.125,0,1,5.00488424301147,597.08,495.42,0.429534631898305,-0.0737999999999908
"68_5D_19","68_5D","68",980,121.25,0,1,5.48750400543213,597.19,495.66,0.264007575648896,-0.0335000000000118
"68_5D_19","68_5D","68",981,121.375,0,1,5.68083810806274,596.82,495.69,0.371214223865414,-0.170799999999972
"68_5D_19","68_5D","68",982,121.5,0,1,5.53609609603882,597.28,495.67,0.460434577328775,-0.125399999999969
"68_5D_19","68_5D","68",983,121.625,0,1,5,597,495.5,0.327566787083169,0.00359999999999402
"68_5D_19","68_5D","68",984,121.75,0,1,4.69213390350342,596.89,495.66,0.194164878389504,-0.037700000000011
"68_5D_19","68_5D","68",985,121.875,0,1,5,597,495.5,0.194164878389504,0.0240000000000001
"68_5D_19","68_5D","68",986,122,0,1,5.10945129394531,597,495.35,0.149999999999977,-0.0224999999999932
"68_5D_19","68_5D","68",987,122.125,0,1,5,597,495.5,0.149999999999977,0
"68_5D_19","68_5D","68",988,122.25,0,0,NA,597,495.5,0,0
"68_5D_19","68_5D","68",989,122.375,0,1,5.0990195274353,597.5,496.5,1.11803398874989,0.740000000000009
"68_5D_19","68_5D","68",990,122.5,0,1,5.22496700286865,597.5,497.24,0.740000000000009,-0.0370000000000089
"68_5D_19","68_5D","68",991,122.625,0,1,4.73271036148071,597.1,497.19,0.403112887414906,0
"68_5D_19","68_5D","68",992,122.75,0,1,4.73271036148071,597.1,497.19,0,NA
